Generation 
40

Number of individuals per generation
200

Population scaled variables 
0,19.9019607843,13.6274509804,23.0392156863,7.64705882353,7.35294117647,19.7058823529,13.6274509804,19.9019607843,
1,22.8431372549,22.8431372549,22.8431372549,10.2941176471,23.2352941176,19.7058823529,22.8431372549,22.8431372549,
2,24.8039215686,12.1568627451,12.3529411765,12.3529411765,8.82352941176,10.7843137255,12.3529411765,12.1568627451,
3,20.2941176471,6.76470588235,20.0980392157,20.0980392157,23.2352941176,23.1372549020,20.0980392157,23.2352941176,
4,22.2549019608,22.2549019608,15.9803921569,22.2549019608,22.2549019608,15.8823529412,22.2549019608,22.2549019608,
5,9.41176470588,9.41176470588,9.41176470588,9.60784313725,9.60784313725,10.1960784314,10.1960784314,9.41176470588,
6,0.392156862745,9.01960784314,10.5882352941,7.45098039216,7.45098039216,6.66666666667,6.86274509804,7.45098039216,
7,19.3137254902,9.90196078431,9.90196078431,16.1764705882,22.4509803922,22.4509803922,22.4509803922,23.2352941176,
8,0.78431372549,0.196078431373,1.17647058824,0.78431372549,4.41176470588,0.78431372549,0.78431372549,0.78431372549,
9,11.8627450980,11.0784313725,11.0784313725,10.9803921569,4.70588235294,9.70588235294,9.50980392157,11.0784313725,
10,15.8823529412,15.8823529412,15.8823529412,15.8823529412,15.8823529412,3.82352941176,15.8823529412,15.8823529412,
11,15.5882352941,14.0196078431,1.47058823529,14.0196078431,13.9215686275,14.0196078431,13.9215686275,20.2941176471,
12,2.25490196078,2.25490196078,14.8039215686,2.25490196078,5.39215686275,8.52941176471,3.03921568627,0.686274509804,
13,4.80392156863,11.0784313725,5.58823529412,0.0980392156863,4.80392156863,5.58823529412,4.80392156863,4.80392156863,
14,22.2549019608,14.3137254902,6.47058823529,19.0196078431,19.0196078431,12.7450980392,6.37254901961,19.0196078431,
15,10.2941176471,10.2941176471,6.37254901961,10.2941176471,10.2941176471,10.2941176471,10.2941176471,10.1960784314,
16,22.3529411765,22.3529411765,22.5490196078,23.3333333333,22.3529411765,21.9607843137,20.0980392157,23.1372549020,
17,6.96078431373,6.96078431373,6.96078431373,6.76470588235,6.96078431373,18.9215686275,6.96078431373,6.96078431373,
18,5.39215686275,5.39215686275,5.98039215686,11.5686274510,5.39215686275,10.0980392157,5.39215686275,5.39215686275,
19,11.3725490196,11.4705882353,11.3725490196,11.4705882353,10.9803921569,23.9215686275,5.29411764706,11.3725490196,
20,15.1960784314,15.5882352941,21.4705882353,21.4705882353,8.92156862745,21.4705882353,21.4705882353,19.9019607843,
21,11.3725490196,11.3725490196,12.1568627451,12.2549019608,9.80392156863,11.3725490196,11.3725490196,11.3725490196,
22,1.17647058824,2.74509803922,2.35294117647,2.74509803922,5.88235294118,2.74509803922,2.74509803922,2.74509803922,
23,11.5686274510,12.3529411765,8.43137254902,11.5686274510,11.5686274510,11.1764705882,11.5686274510,11.5686274510,
24,5.49019607843,4.31372549020,4.01960784314,3.43137254902,3.92156862745,10.1960784314,3.92156862745,3.92156862745,
25,21.9607843137,12.5490196078,21.9607843137,18.8235294118,18.8235294118,22.2549019608,21.9607843137,15.6862745098,
26,18.7254901961,17.1568627451,18.7254901961,18.7254901961,17.1568627451,6.07843137255,25.0,18.7254901961,
27,0.196078431373,0.980392156863,1.37254901961,0.196078431373,0.196078431373,7.25490196078,4.11764705882,0.980392156863,
28,22.4509803922,19.2156862745,22.4509803922,22.4509803922,22.4509803922,22.4509803922,22.0588235294,22.2549019608,
29,0.588235294118,5.09803921569,0.588235294118,0.686274509804,0.588235294118,0.196078431373,0.588235294118,6.86274509804,
30,16.8627450980,18.4313725490,16.8627450980,16.8627450980,16.8627450980,16.8627450980,16.0784313725,16.8627450980,
31,21.9607843137,22.0588235294,22.0588235294,22.0588235294,18.9215686275,22.0588235294,16.1764705882,22.0588235294,
32,19.2156862745,19.2156862745,19.2156862745,19.3137254902,19.2156862745,6.86274509804,19.3137254902,19.2156862745,
33,8.43137254902,24.1176470588,24.1176470588,24.9019607843,24.1176470588,24.1176470588,24.2156862745,23.9215686275,
34,15.9803921569,16.2745098039,23.0392156863,15.9803921569,12.8431372549,12.8431372549,12.8431372549,15.9803921569,
35,3.82352941176,3.72549019608,3.82352941176,3.62745098039,3.82352941176,16.3725490196,10.0980392157,3.43137254902,
36,13.1372549020,13.1372549020,13.1372549020,13.2352941176,13.1372549020,12.9411764706,12.7450980392,13.1372549020,
37,1.76470588235,8.03921568627,1.86274509804,1.86274509804,0.196078431373,1.76470588235,1.76470588235,0.196078431373,
38,15.6862745098,15.6862745098,17.3529411765,15.6862745098,15.6862745098,16.0784313725,15.6862745098,15.6862745098,
39,21.7647058824,21.7647058824,21.7647058824,20.1960784314,21.7647058824,24.9019607843,21.3725490196,20.7843137255,
40,20.0980392157,20.0980392157,20.0,21.8627450980,9.11764705882,20.0980392157,20.0,21.6666666667,
41,22.0588235294,22.0588235294,22.0588235294,21.9607843137,22.0588235294,22.0588235294,9.50980392157,18.9215686275,
42,17.4509803922,15.0980392157,17.4509803922,17.4509803922,17.4509803922,15.8823529412,24.1176470588,23.7254901961,
43,21.1764705882,21.1764705882,21.1764705882,21.3725490196,21.1764705882,21.1764705882,23.5294117647,21.1764705882,
44,15.8823529412,16.4705882353,15.8823529412,15.8823529412,17.5490196078,15.9803921569,15.8823529412,15.8823529412,
45,18.2352941176,18.2352941176,18.2352941176,17.4509803922,18.2352941176,24.5098039216,18.2352941176,17.4509803922,
46,11.5686274510,11.5686274510,5.29411764706,11.5686274510,24.1176470588,11.5686274510,11.1764705882,11.6666666667,
47,20.5882352941,12.3529411765,12.3529411765,12.3529411765,12.3529411765,10.7843137255,12.3529411765,12.3529411765,
48,1.66666666667,1.66666666667,1.66666666667,1.66666666667,1.66666666667,1.66666666667,0.882352941176,1.66666666667,
49,14.9019607843,14.1176470588,18.0392156863,1.56862745098,14.1176470588,19.0196078431,14.1176470588,14.3137254902,
50,21.2745098039,2.45098039216,8.62745098039,8.72549019608,8.92156862745,8.72549019608,8.72549019608,12.0588235294,
51,20.9803921569,17.8431372549,8.43137254902,20.9803921569,20.9803921569,20.5882352941,20.9803921569,14.7058823529,
52,25.0,12.4509803922,24.9019607843,12.4509803922,10.7843137255,12.4509803922,11.6666666667,11.6666666667,
53,9.60784313725,9.60784313725,9.60784313725,22.9411764706,10.0,11.2745098039,3.13725490196,9.60784313725,
54,3.72549019608,5.09803921569,3.52941176471,3.52941176471,9.80392156863,3.52941176471,0.392156862745,4.31372549020,
55,7.64705882353,10.0,7.64705882353,10.7843137255,23.3333333333,10.7843137255,23.3333333333,10.7843137255,
56,2.84313725490,2.05882352941,2.84313725490,2.84313725490,2.45098039216,1.66666666667,5.98039215686,9.11764705882,
57,7.74509803922,7.54901960784,9.31372549020,20.0,7.74509803922,7.35294117647,7.74509803922,6.96078431373,
58,19.1176470588,15.9803921569,15.9803921569,15.9803921569,15.8823529412,15.9803921569,17.5490196078,22.2549019608,
59,11.2745098039,11.2745098039,5.0,11.2745098039,11.2745098039,11.2745098039,11.2745098039,23.8235294118,
60,16.0784313725,15.6862745098,16.0784313725,16.0784313725,16.0784313725,22.3529411765,16.0784313725,16.0784313725,
61,6.76470588235,2.05882352941,6.76470588235,19.3137254902,6.76470588235,6.76470588235,6.76470588235,6.96078431373,
62,18.2352941176,3.92156862745,18.2352941176,18.2352941176,18.2352941176,18.2352941176,18.2352941176,18.2352941176,
63,9.21568627451,8.43137254902,9.21568627451,8.82352941176,9.21568627451,9.01960784314,21.5686274510,12.3529411765,
64,19.6078431373,23.5294117647,20.3921568627,21.5686274510,1.56862745098,20.3921568627,7.84313725490,20.3921568627,
65,13.8235294118,15.3921568627,15.3921568627,15.0,21.2745098039,21.6666666667,2.84313725490,15.3921568627,
66,8.43137254902,8.43137254902,8.52941176471,24.1176470588,8.43137254902,8.43137254902,1.96078431373,11.5686274510,
67,14.3137254902,15.0980392157,2.54901960784,18.2352941176,13.5294117647,21.3725490196,15.0980392157,18.2352941176,
68,2.05882352941,2.05882352941,2.05882352941,2.05882352941,1.66666666667,2.05882352941,2.05882352941,2.05882352941,
69,18.3333333333,18.2352941176,15.0980392157,15.0980392157,15.0980392157,15.0980392157,19.8039215686,15.0980392157,
70,5.78431372549,24.6078431373,18.3333333333,18.7254901961,18.7254901961,18.2352941176,18.3333333333,18.2352941176,
71,20.2941176471,19.6078431373,16.7647058824,19.9019607843,21.3725490196,23.0392156863,19.9019607843,20.2941176471,
72,23.5294117647,10.9803921569,10.9803921569,7.84313725490,11.4705882353,10.9803921569,11.0784313725,10.9803921569,
73,21.1764705882,21.1764705882,21.2745098039,21.2745098039,21.3725490196,21.1764705882,14.9019607843,21.1764705882,
74,13.2352941176,12.8431372549,13.2352941176,13.2352941176,0.294117647059,19.5098039216,13.2352941176,14.0196078431,
75,2.05882352941,8.33333333333,11.4705882353,8.33333333333,14.8039215686,11.4705882353,8.33333333333,9.11764705882,
76,13.5294117647,21.3725490196,19.8039215686,19.8039215686,19.9019607843,19.0196078431,24.5098039216,19.8039215686,
77,17.5490196078,17.5490196078,17.5490196078,17.5490196078,17.5490196078,14.8039215686,17.5490196078,17.5490196078,
78,9.01960784314,21.7647058824,7.45098039216,2.74509803922,1.17647058824,9.01960784314,9.01960784314,8.62745098039,
79,8.13725490196,8.13725490196,8.03921568627,12.0588235294,8.13725490196,8.13725490196,8.03921568627,8.03921568627,
80,19.7058823529,19.7058823529,23.2352941176,13.3333333333,22.8431372549,24.4117647059,22.8431372549,22.2549019608,
81,14.0196078431,15.4901960784,2.94117647059,15.4901960784,15.4901960784,2.94117647059,15.0980392157,15.4901960784,
82,16.5686274510,4.31372549020,4.01960784314,18.2352941176,16.4705882353,16.4705882353,16.4705882353,16.4705882353,
83,5.09803921569,5.29411764706,11.5686274510,11.5686274510,11.4705882353,11.5686274510,11.5686274510,12.1568627451,
84,16.3725490196,16.3725490196,16.3725490196,3.82352941176,17.1568627451,22.6470588235,3.82352941176,22.6470588235,
85,8.92156862745,12.0588235294,11.2745098039,8.92156862745,8.92156862745,15.1960784314,8.92156862745,21.4705882353,
86,4.50980392157,4.21568627451,4.41176470588,17.1568627451,3.82352941176,3.82352941176,4.50980392157,4.60784313725,
87,0.490196078431,6.56862745098,6.96078431373,6.96078431373,6.96078431373,6.96078431373,6.56862745098,6.96078431373,
88,11.4705882353,9.90196078431,9.90196078431,3.62745098039,9.90196078431,9.90196078431,9.50980392157,9.50980392157,
89,0.588235294118,0.686274509804,0.686274509804,0.686274509804,0.294117647059,2.25490196078,0.686274509804,0.686274509804,
90,4.01960784314,9.50980392157,3.23529411765,3.62745098039,3.23529411765,3.23529411765,3.23529411765,3.62745098039,
91,1.66666666667,20.6862745098,14.6078431373,23.6274509804,11.0784313725,20.4901960784,20.4901960784,20.4901960784,
92,22.3529411765,22.3529411765,22.3529411765,23.3333333333,22.3529411765,22.3529411765,23.2352941176,21.9607843137,
93,6.96078431373,7.54901960784,19.5098039216,19.5098039216,6.96078431373,9.70588235294,7.74509803922,6.56862745098,
94,9.21568627451,7.35294117647,1.47058823529,7.35294117647,10.4901960784,7.35294117647,7.35294117647,19.9019607843,
95,21.0784313725,21.0784313725,8.52941176471,21.0784313725,21.0784313725,8.23529411765,15.5882352941,21.0784313725,
96,14.8039215686,24.2156862745,3.82352941176,24.1176470588,17.9411764706,17.7450980392,17.9411764706,17.9411764706,
97,4.60784313725,3.43137254902,3.43137254902,4.21568627451,4.80392156863,9.70588235294,3.43137254902,3.43137254902,
98,5.09803921569,24.9019607843,24.9019607843,24.9019607843,24.8039215686,21.8627450980,23.3333333333,25.0,
99,20.3921568627,20.3921568627,7.84313725490,10.9803921569,14.9019607843,14.1176470588,20.4901960784,20.4901960784,
100,15.8823529412,15.8823529412,16.4705882353,17.1568627451,16.6666666667,16.7647058824,22.9411764706,22.9411764706,
101,8.72549019608,7.15686274510,8.62745098039,8.82352941176,8.72549019608,8.92156862745,8.72549019608,8.72549019608,
102,20.0980392157,20.0,20.0,18.8235294118,20.0,20.0,19.6078431373,20.0,
103,7.35294117647,4.21568627451,9.70588235294,10.4901960784,12.0588235294,10.4901960784,10.4901960784,19.0196078431,
104,12.0588235294,12.0588235294,12.4509803922,12.0588235294,12.0588235294,11.2745098039,12.0588235294,12.0588235294,
105,8.13725490196,1.86274509804,7.25490196078,19.1176470588,8.13725490196,8.92156862745,8.13725490196,8.13725490196,
106,9.50980392157,9.50980392157,9.50980392157,22.0588235294,9.50980392157,9.50980392157,6.37254901961,9.70588235294,
107,4.11764705882,4.11764705882,4.11764705882,4.11764705882,4.50980392157,3.33333333333,4.11764705882,4.11764705882,
108,3.43137254902,3.23529411765,3.43137254902,9.90196078431,3.43137254902,4.21568627451,9.60784313725,3.43137254902,
109,4.70588235294,17.2549019608,1.56862745098,4.70588235294,4.90196078431,3.13725490196,4.70588235294,4.70588235294,
110,1.76470588235,7.84313725490,8.03921568627,8.03921568627,8.03921568627,8.03921568627,8.03921568627,8.03921568627,
111,5.88235294118,5.98039215686,5.98039215686,5.88235294118,5.88235294118,5.09803921569,5.88235294118,5.88235294118,
112,24.3137254902,10.1960784314,10.9803921569,18.0392156863,11.7647058824,11.7647058824,21.1764705882,8.62745098039,
113,10.0,10.0,10.0,10.0,10.0,10.0,10.0,10.0,
114,2.25490196078,2.15686274510,2.25490196078,2.25490196078,3.03921568627,2.25490196078,2.25490196078,14.8039215686,
115,6.86274509804,8.43137254902,6.86274509804,8.52941176471,8.43137254902,8.43137254902,9.21568627451,8.43137254902,
116,15.4901960784,14.4117647059,14.7058823529,14.8039215686,14.7058823529,14.3137254902,14.7058823529,14.7058823529,
117,18.8235294118,19.1176470588,19.1176470588,18.9215686275,19.1176470588,6.56862745098,19.1176470588,19.1176470588,
118,0.882352941176,0.882352941176,2.45098039216,0.882352941176,4.01960784314,0.882352941176,0.882352941176,0.882352941176,
119,14.5098039216,12.9411764706,14.5098039216,14.5098039216,1.96078431373,14.5098039216,14.5098039216,14.5098039216,
120,4.90196078431,4.90196078431,4.90196078431,4.90196078431,4.90196078431,11.1764705882,4.90196078431,4.90196078431,
121,0.588235294118,2.15686274510,0.588235294118,0.588235294118,0.588235294118,2.15686274510,0.588235294118,1.76470588235,
122,20.0,1.17647058824,20.0,20.0,20.0,20.0,13.7254901961,20.0,
123,13.4313725490,19.7058823529,19.7058823529,19.9019607843,4.01960784314,19.7058823529,20.0980392157,22.7450980392,
124,13.5294117647,13.5294117647,13.5294117647,15.8823529412,0.980392156863,13.5294117647,13.5294117647,7.25490196078,
125,0.490196078431,0.490196078431,6.76470588235,0.490196078431,0.196078431373,0.490196078431,0.490196078431,0.490196078431,
126,6.96078431373,11.5686274510,11.6666666667,5.39215686275,11.6666666667,11.6666666667,25.0,11.6666666667,
127,0.294117647059,2.64705882353,0.196078431373,0.196078431373,1.76470588235,0.196078431373,6.47058823529,0.196078431373,
128,3.03921568627,2.64705882353,15.5882352941,3.03921568627,9.31372549020,3.03921568627,3.03921568627,3.03921568627,
129,1.07843137255,1.47058823529,6.47058823529,0.294117647059,6.56862745098,2.54901960784,0.294117647059,3.43137254902,
130,4.31372549020,4.31372549020,5.88235294118,5.88235294118,5.88235294118,5.88235294118,5.88235294118,5.09803921569,
131,14.1176470588,17.2549019608,18.0392156863,18.1372549020,17.2549019608,17.2549019608,4.70588235294,15.6862745098,
132,1.17647058824,7.54901960784,7.54901960784,7.54901960784,7.54901960784,10.6862745098,1.47058823529,10.6862745098,
133,1.56862745098,0.78431372549,0.0,1.96078431373,0.78431372549,0.0,4.01960784314,0.0,
134,23.8235294118,11.2745098039,11.2745098039,5.78431372549,11.4705882353,9.70588235294,11.2745098039,5.0,
135,20.0980392157,22.6470588235,14.0196078431,19.3137254902,19.3137254902,20.2941176471,6.76470588235,6.76470588235,
136,6.37254901961,6.76470588235,6.56862745098,6.37254901961,6.37254901961,6.37254901961,18.9215686275,6.37254901961,
137,10.7843137255,10.7843137255,1.37254901961,10.5882352941,10.7843137255,10.0,10.7843137255,23.3333333333,
138,20.6862745098,20.6862745098,24.2156862745,20.6862745098,20.6862745098,20.6862745098,20.3921568627,20.6862745098,
139,17.6470588235,18.4313725490,18.4313725490,17.6470588235,17.6470588235,17.6470588235,17.6470588235,17.4509803922,
140,3.82352941176,3.62745098039,3.82352941176,16.3725490196,3.43137254902,3.82352941176,3.62745098039,3.43137254902,
141,12.0588235294,5.78431372549,12.0588235294,5.39215686275,11.8627450980,12.0588235294,24.6078431373,12.0588235294,
142,10.5882352941,10.0,10.3921568627,10.0,9.70588235294,10.0,6.66666666667,10.0,
143,21.4705882353,21.7647058824,19.8039215686,21.1764705882,24.7058823529,21.3725490196,21.3725490196,9.21568627451,
144,4.80392156863,3.43137254902,15.9803921569,3.33333333333,3.33333333333,3.43137254902,5.0,0.294117647059,
145,1.47058823529,1.47058823529,1.47058823529,9.31372549020,14.0196078431,3.03921568627,1.47058823529,1.07843137255,
146,23.3333333333,22.5490196078,10.7843137255,22.9411764706,4.11764705882,24.9019607843,22.5490196078,10.7843137255,
147,0.980392156863,0.78431372549,0.980392156863,0.980392156863,2.35294117647,0.980392156863,0.980392156863,0.980392156863,
148,14.9019607843,15.1960784314,12.6470588235,15.0,15.0,15.0,15.0,15.1960784314,
149,2.15686274510,2.15686274510,2.25490196078,2.15686274510,2.54901960784,2.15686274510,2.15686274510,1.96078431373,
150,15.6862745098,15.6862745098,12.5490196078,15.6862745098,3.13725490196,15.7843137255,12.6470588235,15.6862745098,
151,9.60784313725,9.60784313725,3.33333333333,9.60784313725,22.2549019608,10.0,9.60784313725,9.60784313725,
152,15.0,14.9019607843,15.0,15.0,15.0,14.9019607843,15.0,15.1960784314,
153,5.39215686275,5.19607843137,5.19607843137,5.19607843137,4.80392156863,5.19607843137,5.19607843137,5.19607843137,
154,5.09803921569,14.5098039216,8.43137254902,2.15686274510,1.96078431373,0.392156862745,1.96078431373,4.70588235294,
155,3.52941176471,0.392156862745,16.0784313725,0.392156862745,0.392156862745,3.52941176471,3.52941176471,3.52941176471,
156,5.88235294118,5.98039215686,5.58823529412,10.2941176471,5.58823529412,11.8627450980,5.58823529412,5.58823529412,
157,3.03921568627,9.31372549020,6.96078431373,8.52941176471,9.31372549020,21.0784313725,1.37254901961,9.31372549020,
158,8.13725490196,8.13725490196,7.94117647059,11.2745098039,8.13725490196,8.13725490196,8.13725490196,14.7058823529,
159,19.2156862745,19.3137254902,19.3137254902,19.3137254902,10.6862745098,19.3137254902,19.3137254902,18.8235294118,
160,6.37254901961,7.15686274510,10.4901960784,7.35294117647,7.35294117647,7.35294117647,7.35294117647,7.35294117647,
161,3.82352941176,17.9411764706,5.19607843137,5.39215686275,5.39215686275,5.39215686275,2.25490196078,5.39215686275,
162,2.54901960784,0.980392156863,8.82352941176,2.64705882353,2.54901960784,2.54901960784,15.0980392157,2.54901960784,
163,5.19607843137,17.7450980392,14.6078431373,18.5294117647,2.05882352941,17.3529411765,17.3529411765,17.7450980392,
164,8.52941176471,8.52941176471,11.6666666667,8.52941176471,25.0,2.25490196078,21.0784313725,8.52941176471,
165,4.70588235294,4.70588235294,4.70588235294,23.5294117647,5.49019607843,4.70588235294,0.0,4.70588235294,
166,23.8235294118,22.2549019608,17.2549019608,23.6274509804,23.6274509804,23.6274509804,23.7254901961,23.6274509804,
167,20.7843137255,20.9803921569,20.9803921569,19.2156862745,20.7843137255,20.7843137255,20.3921568627,20.7843137255,
168,19.1176470588,6.56862745098,9.70588235294,7.35294117647,6.56862745098,6.56862745098,0.294117647059,6.56862745098,
169,5.39215686275,6.07843137255,5.39215686275,8.52941176471,5.39215686275,3.82352941176,5.29411764706,5.39215686275,
170,4.70588235294,4.70588235294,4.70588235294,3.13725490196,4.70588235294,4.70588235294,5.49019607843,1.56862745098,
171,8.52941176471,21.0784313725,11.6666666667,11.6666666667,8.52941176471,8.52941176471,8.52941176471,8.43137254902,
172,3.52941176471,3.33333333333,3.33333333333,3.43137254902,0.196078431373,3.72549019608,0.196078431373,3.33333333333,
173,11.6666666667,5.0,11.2745098039,11.2745098039,11.6666666667,11.6666666667,8.52941176471,11.6666666667,
174,10.0,6.86274509804,10.0,10.0,3.72549019608,10.0,10.0,10.0,
175,13.0392156863,14.6078431373,15.3921568627,16.1764705882,14.5098039216,14.6078431373,1.66666666667,14.6078431373,
176,1.17647058824,1.27450980392,1.27450980392,10.6862745098,7.54901960784,7.45098039216,7.54901960784,7.54901960784,
177,13.6274509804,19.1176470588,19.1176470588,12.8431372549,20.6862745098,12.8431372549,0.294117647059,12.8431372549,
178,11.0784313725,11.0784313725,11.0784313725,11.0784313725,11.0784313725,11.0784313725,11.0784313725,11.0784313725,
179,0.196078431373,17.0588235294,4.11764705882,4.21568627451,3.72549019608,4.21568627451,4.11764705882,4.11764705882,
180,8.43137254902,20.9803921569,1.96078431373,6.86274509804,8.23529411765,20.7843137255,8.43137254902,8.43137254902,
181,3.23529411765,22.0588235294,12.8431372549,22.0588235294,18.9215686275,9.50980392157,19.1176470588,3.23529411765,
182,18.9215686275,0.0980392156863,6.37254901961,6.27450980392,7.15686274510,6.37254901961,18.9215686275,6.56862745098,
183,15.6862745098,12.5490196078,22.0588235294,15.6862745098,15.6862745098,3.13725490196,21.9607843137,17.2549019608,
184,10.5882352941,10.7843137255,10.5882352941,10.5882352941,10.5882352941,7.45098039216,10.5882352941,10.6862745098,
185,0.0,7.84313725490,7.84313725490,7.84313725490,7.84313725490,8.13725490196,7.84313725490,10.9803921569,
186,24.9019607843,24.3137254902,24.4117647059,22.7450980392,24.3137254902,24.3137254902,23.5294117647,24.3137254902,
187,2.35294117647,14.9019607843,14.1176470588,14.9019607843,14.9019607843,14.9019607843,14.9019607843,14.9019607843,
188,17.6470588235,17.6470588235,17.7450980392,17.6470588235,14.5098039216,23.9215686275,17.6470588235,14.5098039216,
189,5.49019607843,5.49019607843,5.49019607843,4.70588235294,5.49019607843,5.49019607843,5.49019607843,5.49019607843,
190,15.4901960784,15.2941176471,15.2941176471,15.2941176471,15.2941176471,15.2941176471,15.2941176471,14.5098039216,
191,11.0784313725,20.0,13.7254901961,22.8431372549,13.7254901961,6.56862745098,12.9411764706,3.72549019608,
192,11.2745098039,15.4901960784,9.01960784314,22.4509803922,6.86274509804,1.07843137255,5.88235294118,13.9215686275,
193,22.0588235294,12.9411764706,7.25490196078,6.17647058824,9.70588235294,1.47058823529,7.15686274510,7.05882352941,
194,0.686274509804,10.0980392157,10.1960784314,12.5490196078,0.490196078431,9.01960784314,12.2549019608,21.8627450980,
195,22.4509803922,3.03921568627,2.54901960784,20.0980392157,14.9019607843,14.9019607843,5.78431372549,24.9019607843,
196,8.52941176471,11.3725490196,24.4117647059,8.33333333333,14.9019607843,4.60784313725,16.6666666667,5.88235294118,
197,15.8823529412,23.7254901961,24.5098039216,5.78431372549,20.4901960784,20.0980392157,1.47058823529,16.1764705882,
198,6.56862745098,0.294117647059,1.27450980392,24.9019607843,4.11764705882,9.21568627451,4.31372549020,14.1176470588,
199,20.3921568627,9.70588235294,13.3333333333,4.31372549020,0.294117647059,12.3529411765,22.2549019608,24.3137254902,

Population fitness value 
0,0
1,0
2,0
3,0
4,0
5,0
6,0
7,0
8,0
9,0
10,0
11,0
12,0
13,0
14,0
15,0
16,0
17,0
18,0
19,0
20,0
21,0
22,0
23,0
24,0
25,0
26,0
27,0
28,0
29,0
30,0
31,0
32,0
33,0
34,0
35,0
36,0
37,0
38,0
39,0
40,0
41,0
42,0
43,0
44,0
45,0
46,0
47,0
48,0
49,0
50,0
51,0
52,0
53,0
54,0
55,0
56,0
57,0
58,0
59,0
60,0
61,0
62,0
63,0
64,0
65,0
66,0
67,0
68,0
69,0
70,0
71,0
72,0
73,0
74,0
75,0
76,0
77,0
78,0
79,0
80,0
81,0
82,0
83,0
84,0
85,0
86,0
87,0
88,0
89,0
90,0
91,0
92,0
93,0
94,0
95,0
96,0
97,0
98,0
99,0
100,0
101,0
102,0
103,0
104,0
105,0
106,0
107,0
108,0
109,0
110,0
111,0
112,0
113,0
114,0
115,0
116,0
117,0
118,0
119,0
120,0
121,0
122,0
123,0
124,0
125,0
126,0
127,0
128,0
129,0
130,0
131,0
132,0
133,0
134,0
135,0
136,0
137,0
138,0
139,0
140,0
141,0
142,0
143,0
144,0
145,0
146,0
147,0
148,0
149,0
150,0
151,0
152,0
153,0
154,0
155,0
156,0
157,0
158,0
159,0
160,0
161,0
162,0
163,0
164,0
165,0
166,0
167,0
168,0
169,0
170,0
171,0
172,0
173,0
174,0
175,0
176,0
177,0
178,0
179,0
180,0
181,0
182,0
183,0
184,0
185,0
186,0
187,0
188,0
189,0
190,0
191,0
192,0
193,0
194,0
195,0
196,0
197,0
198,0
199,0


