Generation 
16

Number of individuals per generation
50

Population scaled variables 
0,7.93650793651,7.93650793651,20.4365079365,7.93650793651,20.4365079365,20.4365079365,7.93650793651,20.4365079365,
1,0.793650793651,0.793650793651,13.2936507937,0.793650793651,13.2936507937,13.2936507937,0.793650793651,13.2936507937,
2,6.54761904762,6.54761904762,19.0476190476,6.54761904762,19.0476190476,19.0476190476,6.54761904762,19.0476190476,
3,3.96825396825,3.96825396825,16.4682539683,3.96825396825,16.4682539683,16.4682539683,3.96825396825,16.4682539683,
4,7.14285714286,7.14285714286,19.6428571429,7.14285714286,19.6428571429,19.6428571429,7.14285714286,19.6428571429,
5,7.93650793651,7.93650793651,20.4365079365,7.93650793651,20.4365079365,20.4365079365,7.93650793651,20.4365079365,
6,3.96825396825,3.96825396825,16.4682539683,3.96825396825,16.8650793651,16.4682539683,3.96825396825,16.4682539683,
7,4.96031746032,4.96031746032,17.4603174603,4.96031746032,17.4603174603,17.4603174603,4.96031746032,17.4603174603,
8,10.3174603175,7.14285714286,22.8174603175,10.3174603175,22.8174603175,22.8174603175,10.3174603175,22.8174603175,
9,3.96825396825,3.96825396825,16.4682539683,3.96825396825,16.4682539683,16.4682539683,3.96825396825,16.4682539683,
10,5.35714285714,4.96031746032,17.4603174603,4.96031746032,17.4603174603,17.4603174603,4.96031746032,17.4603174603,
11,3.17460317460,3.37301587302,15.6746031746,3.17460317460,15.6746031746,15.6746031746,3.17460317460,15.6746031746,
12,11.9047619048,11.9047619048,24.4047619048,11.9047619048,24.4047619048,24.4047619048,11.9047619048,24.4047619048,
13,3.76984126984,3.76984126984,16.2698412698,3.76984126984,16.2698412698,16.2698412698,3.76984126984,16.2698412698,
14,1.19047619048,1.19047619048,13.6904761905,1.19047619048,13.6904761905,13.6904761905,1.19047619048,13.6904761905,
15,1.19047619048,1.19047619048,13.6904761905,1.19047619048,13.6904761905,13.6904761905,1.19047619048,13.6904761905,
16,3.17460317460,3.17460317460,15.6746031746,3.17460317460,15.6746031746,15.6746031746,3.17460317460,15.6746031746,
17,4.96031746032,4.96031746032,17.4603174603,4.96031746032,17.4603174603,17.6587301587,4.96031746032,17.4603174603,
18,3.37301587302,3.37301587302,15.8730158730,3.37301587302,15.8730158730,15.8730158730,3.37301587302,15.8730158730,
19,1.19047619048,0.396825396825,20.0396825397,1.19047619048,15.2777777778,13.6904761905,1.19047619048,13.6904761905,
20,10.3174603175,10.3174603175,22.8174603175,10.3174603175,22.8174603175,22.8174603175,10.3174603175,22.8174603175,
21,4.56349206349,4.56349206349,17.0634920635,4.56349206349,17.0634920635,17.0634920635,4.56349206349,17.0634920635,
22,7.93650793651,7.93650793651,20.4365079365,7.93650793651,20.4365079365,20.4365079365,7.93650793651,20.4365079365,
23,1.38888888889,1.38888888889,13.8888888889,1.38888888889,13.8888888889,13.8888888889,1.38888888889,13.8888888889,
24,3.37301587302,3.37301587302,15.8730158730,3.37301587302,15.8730158730,15.8730158730,3.37301587302,15.8730158730,
25,3.76984126984,3.76984126984,16.2698412698,3.76984126984,16.2698412698,16.2698412698,3.76984126984,16.2698412698,
26,4.96031746032,4.96031746032,17.4603174603,4.96031746032,17.8571428571,17.4603174603,4.96031746032,17.4603174603,
27,4.96031746032,4.96031746032,17.4603174603,4.96031746032,17.4603174603,17.4603174603,4.96031746032,17.4603174603,
28,11.3095238095,4.96031746032,17.4603174603,4.96031746032,17.4603174603,17.4603174603,4.96031746032,17.4603174603,
29,6.54761904762,6.54761904762,19.0476190476,6.54761904762,19.0476190476,19.8412698413,6.54761904762,19.0476190476,
30,4.96031746032,4.96031746032,17.4603174603,4.96031746032,17.4603174603,17.4603174603,4.96031746032,17.4603174603,
31,3.96825396825,3.96825396825,16.6666666667,3.96825396825,16.4682539683,16.4682539683,3.96825396825,16.4682539683,
32,10.3174603175,10.3174603175,22.8174603175,10.3174603175,22.8174603175,22.8174603175,3.96825396825,22.8174603175,
33,4.96031746032,4.96031746032,17.4603174603,4.96031746032,17.4603174603,17.4603174603,4.96031746032,17.4603174603,
34,6.54761904762,6.94444444444,19.0476190476,6.54761904762,19.0476190476,19.0476190476,6.54761904762,19.0476190476,
35,0.198412698413,3.37301587302,15.8730158730,3.37301587302,15.8730158730,15.8730158730,3.37301587302,15.8730158730,
36,3.17460317460,3.17460317460,15.6746031746,3.17460317460,15.6746031746,15.6746031746,3.17460317460,15.6746031746,
37,3.17460317460,0.0,15.6746031746,3.17460317460,15.6746031746,15.6746031746,3.96825396825,15.6746031746,
38,4.96031746032,4.96031746032,17.4603174603,4.96031746032,17.8571428571,17.4603174603,4.96031746032,17.4603174603,
39,4.16666666667,4.16666666667,16.6666666667,4.16666666667,16.6666666667,16.6666666667,4.16666666667,16.6666666667,
40,3.76984126984,2.18253968254,19.0476190476,4.16666666667,24.4047619048,16.8650793651,0.396825396825,19.6428571429,
41,1.19047619048,4.96031746032,23.6111111111,1.78571428571,18.0555555556,18.4523809524,2.38095238095,19.6428571429,
42,10.3174603175,0.992063492063,18.8492063492,6.34920634921,24.0079365079,24.2063492063,2.18253968254,20.4365079365,
43,6.54761904762,0.793650793651,13.0952380952,0.0,23.4126984127,14.2857142857,2.57936507937,24.2063492063,
44,1.38888888889,7.34126984127,22.8174603175,7.93650793651,19.4444444444,21.6269841270,9.72222222222,24.2063492063,
45,7.93650793651,2.18253968254,22.2222222222,0.992063492063,18.2539682540,17.0634920635,5.55555555556,21.6269841270,
46,3.96825396825,10.7142857143,23.2142857143,0.198412698413,24.4047619048,17.4603174603,0.793650793651,15.2777777778,
47,3.96825396825,9.12698412698,22.6190476190,3.37301587302,24.6031746032,16.6666666667,0.0,17.0634920635,
48,4.96031746032,1.78571428571,23.8095238095,4.96031746032,17.4603174603,17.4603174603,4.96031746032,17.4603174603,
49,3.17460317460,11.1111111111,19.0476190476,3.37301587302,21.0317460317,19.4444444444,5.75396825397,21.6269841270,

Population fitness value 
0,156.25
1,156.25
2,156.25
3,156.25
4,156.25
5,156.25
6,158.730158730
7,156.25
8,176.091269841
9,156.25
10,153.769841270
11,155.009920635
12,156.25
13,156.25
14,156.25
15,156.25
16,156.25
17,157.490079365
18,156.25
19,213.333018393
20,156.25
21,156.25
22,156.25
23,156.25
24,156.25
25,156.25
26,158.730158730
27,156.25
28,116.567460317
29,161.210317460
30,156.25
31,157.490079365
32,195.932539683
33,156.25
34,153.769841270
35,176.091269841
36,156.25
37,169.871189216
38,158.730158730
39,156.25
40,296.595490048
41,293.800390527
42,289.883314437
43,275.061413454
44,240.417926430
45,230.457923910
46,229.709939531
47,226.521164021
48,225.851914840
49,218.372071051


