Generation 
9

Number of individuals per generation
50

Population scaled variables 
0,1.38888888889,1.38888888889,13.8888888889,1.38888888889,13.8888888889,13.8888888889,0.992063492063,13.8888888889,
1,3.17460317460,3.17460317460,15.6746031746,3.17460317460,15.6746031746,15.6746031746,3.17460317460,15.6746031746,
2,1.38888888889,1.38888888889,13.8888888889,1.38888888889,13.8888888889,13.8888888889,1.38888888889,13.8888888889,
3,6.34920634921,6.34920634921,18.8492063492,6.34920634921,18.8492063492,18.8492063492,6.34920634921,18.8492063492,
4,3.96825396825,3.96825396825,16.4682539683,3.96825396825,16.4682539683,16.4682539683,3.96825396825,16.4682539683,
5,7.93650793651,7.93650793651,20.4365079365,7.93650793651,20.4365079365,20.4365079365,7.93650793651,20.4365079365,
6,3.17460317460,3.17460317460,15.6746031746,3.17460317460,15.6746031746,15.6746031746,3.17460317460,15.8730158730,
7,4.96031746032,4.96031746032,17.4603174603,4.96031746032,17.4603174603,17.4603174603,4.96031746032,17.4603174603,
8,3.17460317460,3.17460317460,15.6746031746,3.17460317460,15.6746031746,15.6746031746,3.17460317460,15.6746031746,
9,1.38888888889,7.73809523810,13.8888888889,1.38888888889,13.8888888889,13.8888888889,1.38888888889,13.8888888889,
10,0.793650793651,1.19047619048,13.6904761905,1.19047619048,13.6904761905,13.6904761905,1.19047619048,13.6904761905,
11,7.93650793651,7.93650793651,20.4365079365,7.93650793651,20.4365079365,20.4365079365,7.93650793651,20.4365079365,
12,4.96031746032,4.96031746032,17.4603174603,4.96031746032,17.4603174603,17.4603174603,4.96031746032,17.4603174603,
13,1.38888888889,1.38888888889,13.8888888889,1.38888888889,13.8888888889,13.8888888889,1.38888888889,13.8888888889,
14,4.96031746032,4.96031746032,17.4603174603,4.96031746032,17.4603174603,17.4603174603,4.96031746032,17.4603174603,
15,0.793650793651,0.793650793651,13.2936507937,0.793650793651,13.4920634921,13.2936507937,0.793650793651,13.2936507937,
16,1.19047619048,1.19047619048,13.6904761905,7.53968253968,13.6904761905,13.6904761905,1.19047619048,13.6904761905,
17,7.73809523810,1.38888888889,13.8888888889,1.38888888889,13.8888888889,13.8888888889,1.38888888889,13.8888888889,
18,6.54761904762,6.54761904762,19.0476190476,6.54761904762,19.0476190476,19.0476190476,6.54761904762,19.0476190476,
19,4.96031746032,4.96031746032,17.4603174603,4.96031746032,17.4603174603,17.4603174603,4.96031746032,17.4603174603,
20,11.7063492063,5.35714285714,17.8571428571,5.35714285714,17.8571428571,17.8571428571,11.7063492063,17.8571428571,
21,3.17460317460,3.17460317460,15.6746031746,3.17460317460,15.6746031746,15.6746031746,3.17460317460,15.6746031746,
22,3.96825396825,3.96825396825,16.4682539683,3.96825396825,16.4682539683,16.4682539683,3.96825396825,16.4682539683,
23,3.17460317460,3.17460317460,15.6746031746,3.17460317460,15.6746031746,15.6746031746,3.17460317460,15.6746031746,
24,1.38888888889,1.38888888889,13.8888888889,1.38888888889,13.8888888889,13.8888888889,1.38888888889,13.8888888889,
25,0.396825396825,1.19047619048,13.6904761905,1.19047619048,13.6904761905,13.6904761905,1.19047619048,13.6904761905,
26,3.96825396825,3.96825396825,16.4682539683,3.96825396825,16.4682539683,15.6746031746,3.96825396825,16.4682539683,
27,0.0,0.0,12.5,0.0,12.5,12.5,0.0,12.5,
28,4.96031746032,4.96031746032,17.4603174603,4.96031746032,17.4603174603,17.4603174603,4.96031746032,17.4603174603,
29,1.38888888889,1.38888888889,20.2380952381,1.38888888889,13.8888888889,13.8888888889,1.38888888889,13.8888888889,
30,0.0,0.0,12.5,0.0,12.5,12.5,0.0,12.5,
31,3.76984126984,3.76984126984,16.2698412698,3.76984126984,16.2698412698,16.2698412698,3.76984126984,15.8730158730,
32,1.19047619048,1.19047619048,13.6904761905,1.19047619048,13.8888888889,13.6904761905,1.19047619048,13.6904761905,
33,10.3174603175,10.3174603175,22.8174603175,10.3174603175,22.8174603175,22.8174603175,10.3174603175,22.8174603175,
34,10.3174603175,10.3174603175,22.8174603175,10.3174603175,22.8174603175,22.8174603175,10.3174603175,22.8174603175,
35,4.96031746032,4.96031746032,17.4603174603,4.96031746032,17.4603174603,17.4603174603,4.96031746032,17.4603174603,
36,10.3174603175,10.3174603175,22.8174603175,10.3174603175,22.8174603175,22.8174603175,10.3174603175,22.8174603175,
37,4.96031746032,4.96031746032,17.4603174603,4.96031746032,17.4603174603,17.4603174603,4.96031746032,17.4603174603,
38,4.96031746032,4.96031746032,17.4603174603,4.96031746032,17.4603174603,17.4603174603,4.96031746032,17.4603174603,
39,1.19047619048,1.19047619048,13.6904761905,1.19047619048,13.6904761905,13.6904761905,1.19047619048,13.6904761905,
40,3.76984126984,2.18253968254,19.0476190476,4.16666666667,24.4047619048,16.8650793651,0.396825396825,19.6428571429,
41,1.19047619048,4.96031746032,23.6111111111,1.78571428571,18.0555555556,18.4523809524,2.38095238095,19.6428571429,
42,10.3174603175,0.992063492063,18.8492063492,6.34920634921,24.0079365079,24.2063492063,2.18253968254,20.4365079365,
43,6.54761904762,0.793650793651,13.0952380952,0.0,23.4126984127,14.2857142857,2.57936507937,24.2063492063,
44,1.38888888889,7.34126984127,22.8174603175,7.93650793651,19.4444444444,21.6269841270,9.72222222222,24.2063492063,
45,7.93650793651,2.18253968254,22.2222222222,0.992063492063,18.2539682540,17.0634920635,5.55555555556,21.6269841270,
46,3.96825396825,10.7142857143,23.2142857143,0.198412698413,24.4047619048,17.4603174603,0.793650793651,15.2777777778,
47,3.96825396825,9.12698412698,22.6190476190,3.37301587302,24.6031746032,16.6666666667,0.0,17.0634920635,
48,3.17460317460,11.1111111111,19.0476190476,3.37301587302,21.0317460317,19.4444444444,5.75396825397,21.6269841270,
49,4.96031746032,11.5079365079,19.6428571429,1.19047619048,19.0476190476,19.6428571429,2.77777777778,22.4206349206,

Population fitness value 
0,158.730158730
1,156.25
2,156.25
3,156.25
4,156.25
5,156.25
6,157.490079365
7,156.25
8,156.25
9,116.567460317
10,158.730158730
11,156.25
12,156.25
13,156.25
14,156.25
15,157.490079365
16,116.567460317
17,116.567460317
18,156.25
19,156.25
20,76.8849206349
21,156.25
22,156.25
23,156.25
24,156.25
25,161.210317460
26,151.289682540
27,156.25
28,156.25
29,195.932539683
30,156.25
31,153.769841270
32,157.490079365
33,156.25
34,156.25
35,156.25
36,156.25
37,156.25
38,156.25
39,156.25
40,296.595490048
41,293.800390527
42,289.883314437
43,275.061413454
44,240.417926430
45,230.457923910
46,229.709939531
47,226.521164021
48,218.372071051
49,218.135865457


