Generation 
48

Number of individuals per generation
200

Population scaled variables 
0,9.50980392157,9.70588235294,9.90196078431,9.70588235294,7.94117647059,9.50980392157,6.37254901961,9.50980392157,
1,21.4705882353,19.4117647059,20.5882352941,8.03921568627,20.6862745098,20.5882352941,20.5882352941,20.5882352941,
2,7.64705882353,7.64705882353,7.64705882353,7.64705882353,7.64705882353,9.21568627451,9.21568627451,10.0,
3,16.6666666667,24.5098039216,2.54901960784,17.4509803922,16.6666666667,18.2352941176,17.5490196078,5.68627450980,
4,2.35294117647,5.58823529412,5.49019607843,5.88235294118,18.0392156863,5.58823529412,5.49019607843,5.49019607843,
5,23.3333333333,12.1568627451,10.7843137255,10.5882352941,12.3529411765,10.7843137255,10.7843137255,10.7843137255,
6,19.2156862745,6.66666666667,19.2156862745,19.2156862745,19.0196078431,21.9607843137,19.2156862745,19.2156862745,
7,21.3725490196,15.0980392157,21.3725490196,24.5098039216,21.3725490196,21.3725490196,20.6862745098,21.3725490196,
8,3.72549019608,3.72549019608,3.72549019608,3.72549019608,6.47058823529,3.72549019608,0.588235294118,3.72549019608,
9,8.52941176471,8.52941176471,8.52941176471,8.52941176471,6.96078431373,8.52941176471,8.52941176471,8.13725490196,
10,1.86274509804,14.4117647059,1.86274509804,2.64705882353,2.64705882353,1.86274509804,1.86274509804,1.86274509804,
11,17.3529411765,17.5490196078,17.5490196078,17.5490196078,17.5490196078,17.5490196078,17.5490196078,16.7647058824,
12,5.78431372549,24.6078431373,18.3333333333,18.3333333333,18.3333333333,16.7647058824,18.1372549020,18.3333333333,
13,19.0196078431,19.1176470588,19.1176470588,22.2549019608,12.8431372549,20.6862745098,19.1176470588,19.1176470588,
14,3.82352941176,16.3725490196,16.9607843137,16.3725490196,16.3725490196,16.3725490196,16.3725490196,3.82352941176,
15,24.8039215686,24.0196078431,24.0196078431,24.0196078431,24.8039215686,24.2156862745,24.0196078431,24.0196078431,
16,11.5686274510,8.82352941176,8.82352941176,11.9607843137,12.0588235294,11.9607843137,12.0588235294,6.17647058824,
17,2.35294117647,8.62745098039,8.62745098039,8.82352941176,11.7647058824,7.84313725490,24.3137254902,8.62745098039,
18,1.96078431373,1.96078431373,2.05882352941,1.96078431373,0.392156862745,2.15686274510,4.70588235294,1.96078431373,
19,16.2745098039,15.8823529412,15.6862745098,15.8823529412,15.8823529412,15.8823529412,16.6666666667,3.33333333333,
20,9.50980392157,6.37254901961,6.27450980392,7.15686274510,10.2941176471,7.15686274510,7.15686274510,10.2941176471,
21,16.7647058824,12.8431372549,23.4313725490,16.7647058824,16.7647058824,16.7647058824,23.0392156863,16.7647058824,
22,14.0196078431,13.9215686275,14.0196078431,14.0196078431,14.0196078431,14.0196078431,4.60784313725,13.9215686275,
23,23.5294117647,24.1176470588,24.1176470588,17.8431372549,8.43137254902,22.5490196078,23.9215686275,24.1176470588,
24,12.2549019608,16.5686274510,12.0588235294,11.8627450980,11.8627450980,11.8627450980,11.0784313725,11.0784313725,
25,0.392156862745,6.76470588235,0.490196078431,6.76470588235,2.05882352941,0.882352941176,0.490196078431,0.490196078431,
26,8.23529411765,9.01960784314,8.23529411765,20.7843137255,8.23529411765,8.33333333333,6.27450980392,7.84313725490,
27,16.7647058824,13.6274509804,23.0392156863,16.5686274510,15.9803921569,13.6274509804,13.6274509804,13.6274509804,
28,0.294117647059,0.686274509804,0.686274509804,0.686274509804,0.686274509804,0.686274509804,0.686274509804,0.686274509804,
29,15.6862745098,15.7843137255,15.6862745098,15.8823529412,15.6862745098,16.4705882353,15.6862745098,15.6862745098,
30,15.9803921569,15.7843137255,15.7843137255,15.9803921569,16.1764705882,3.23529411765,15.7843137255,16.5686274510,
31,20.4901960784,20.3921568627,20.4901960784,20.4901960784,20.4901960784,18.9215686275,20.4901960784,20.4901960784,
32,3.33333333333,5.78431372549,3.33333333333,7.05882352941,3.33333333333,3.33333333333,3.43137254902,3.33333333333,
33,2.84313725490,0.490196078431,2.84313725490,2.84313725490,2.84313725490,3.03921568627,2.84313725490,18.5294117647,
34,7.84313725490,1.56862745098,12.5490196078,1.56862745098,0.0,0.0980392156863,0.0980392156863,6.27450980392,
35,16.4705882353,5.58823529412,3.92156862745,0.78431372549,16.5686274510,3.92156862745,3.92156862745,3.92156862745,
36,21.6666666667,20.8823529412,20.8823529412,14.6078431373,20.8823529412,8.33333333333,20.8823529412,20.8823529412,
37,4.80392156863,0.0980392156863,14.2156862745,1.66666666667,4.80392156863,1.66666666667,1.76470588235,1.86274509804,
38,7.05882352941,8.62745098039,7.05882352941,7.25490196078,19.6078431373,7.05882352941,10.1960784314,7.05882352941,
39,5.98039215686,6.17647058824,3.03921568627,6.17647058824,6.17647058824,3.03921568627,5.98039215686,5.98039215686,
40,4.80392156863,8.03921568627,11.7647058824,11.7647058824,10.1960784314,11.7647058824,21.1764705882,5.49019607843,
41,1.56862745098,6.27450980392,1.56862745098,4.70588235294,1.66666666667,1.56862745098,0.294117647059,14.1176470588,
42,22.0588235294,22.0588235294,22.0588235294,22.0588235294,18.9215686275,22.0588235294,18.9215686275,22.0588235294,
43,1.66666666667,1.96078431373,1.96078431373,1.96078431373,1.96078431373,1.96078431373,2.74509803922,4.70588235294,
44,4.70588235294,1.76470588235,2.64705882353,1.56862745098,1.76470588235,2.25490196078,2.15686274510,15.0980392157,
45,12.5490196078,12.6470588235,13.4313725490,12.6470588235,12.6470588235,12.5490196078,12.6470588235,12.6470588235,
46,18.2352941176,16.6666666667,18.2352941176,18.2352941176,5.68627450980,17.4509803922,18.2352941176,16.7647058824,
47,11.2745098039,11.0784313725,11.2745098039,11.6666666667,11.2745098039,11.2745098039,11.2745098039,11.2745098039,
48,11.1764705882,24.9019607843,11.9607843137,24.9019607843,9.21568627451,12.3529411765,5.29411764706,12.3529411765,
49,16.7647058824,17.3529411765,15.7843137255,15.7843137255,15.6862745098,22.0588235294,15.7843137255,16.1764705882,
50,19.2156862745,19.2156862745,19.2156862745,19.4117647059,19.2156862745,10.7843137255,19.2156862745,19.2156862745,
51,24.0196078431,24.0196078431,24.2156862745,11.4705882353,20.8823529412,24.8039215686,22.4509803922,24.0196078431,
52,11.0784313725,11.2745098039,11.2745098039,5.0,10.0980392157,11.2745098039,11.2745098039,5.0,
53,20.6862745098,21.0784313725,20.6862745098,23.6274509804,20.6862745098,14.4117647059,21.0784313725,20.6862745098,
54,19.2156862745,20.7843137255,20.7843137255,14.5098039216,20.7843137255,20.3921568627,20.7843137255,20.7843137255,
55,3.13725490196,3.13725490196,3.13725490196,3.13725490196,15.6862745098,3.92156862745,3.13725490196,3.13725490196,
56,9.21568627451,9.21568627451,9.01960784314,7.45098039216,21.7647058824,9.21568627451,9.21568627451,21.7647058824,
57,22.5490196078,24.1176470588,22.5490196078,10.0,22.5490196078,24.1176470588,10.0,22.6470588235,
58,2.84313725490,1.47058823529,1.27450980392,1.47058823529,1.47058823529,1.27450980392,1.47058823529,4.60784313725,
59,1.86274509804,1.76470588235,2.15686274510,1.76470588235,2.15686274510,2.15686274510,2.15686274510,2.15686274510,
60,7.94117647059,11.7647058824,11.0784313725,11.0784313725,11.0784313725,11.8627450980,11.0784313725,11.0784313725,
61,22.0588235294,9.70588235294,22.2549019608,22.2549019608,22.2549019608,22.2549019608,22.2549019608,22.2549019608,
62,0.0980392156863,5.0,5.78431372549,1.86274509804,8.13725490196,15.1960784314,5.0,1.86274509804,
63,5.68627450980,15.4901960784,18.2352941176,15.0980392157,15.4901960784,15.0980392157,21.3725490196,18.2352941176,
64,24.0196078431,17.9411764706,24.2156862745,24.0196078431,24.0196078431,24.0196078431,24.0196078431,18.9215686275,
65,24.0196078431,24.0196078431,24.0196078431,24.8039215686,24.0196078431,24.0196078431,17.9411764706,24.0196078431,
66,11.1764705882,24.4117647059,23.6274509804,23.6274509804,23.5294117647,24.4117647059,23.5294117647,23.6274509804,
67,20.9803921569,20.9803921569,20.9803921569,20.9803921569,20.9803921569,20.9803921569,19.0196078431,19.4117647059,
68,17.2549019608,17.2549019608,17.2549019608,14.5098039216,17.2549019608,17.2549019608,17.2549019608,17.2549019608,
69,7.05882352941,6.27450980392,6.27450980392,6.47058823529,6.47058823529,6.47058823529,6.47058823529,6.47058823529,
70,8.52941176471,11.6666666667,8.13725490196,0.686274509804,8.43137254902,8.52941176471,8.52941176471,8.52941176471,
71,19.1176470588,20.6862745098,19.1176470588,19.1176470588,19.1176470588,20.6862745098,19.5098039216,22.2549019608,
72,13.3333333333,18.2352941176,13.3333333333,15.6862745098,14.9019607843,13.3333333333,14.1176470588,13.3333333333,
73,10.9803921569,10.9803921569,10.9803921569,9.41176470588,10.9803921569,10.9803921569,10.9803921569,10.9803921569,
74,14.9019607843,21.1764705882,21.1764705882,21.5686274510,21.1764705882,21.1764705882,21.5686274510,21.1764705882,
75,14.5098039216,1.96078431373,1.96078431373,2.35294117647,2.15686274510,8.23529411765,2.15686274510,1.56862745098,
76,4.31372549020,4.41176470588,4.31372549020,4.31372549020,4.31372549020,4.31372549020,4.31372549020,4.31372549020,
77,1.86274509804,1.86274509804,1.07843137255,1.86274509804,1.86274509804,1.86274509804,1.86274509804,1.86274509804,
78,11.2745098039,17.5490196078,11.2745098039,11.2745098039,11.2745098039,11.2745098039,12.0588235294,11.6666666667,
79,18.0392156863,16.8627450980,18.0392156863,16.4705882353,18.1372549020,18.0392156863,18.6274509804,18.1372549020,
80,12.0588235294,12.0588235294,11.8627450980,5.78431372549,24.6078431373,11.2745098039,12.0588235294,12.0588235294,
81,9.70588235294,9.70588235294,9.50980392157,9.70588235294,9.70588235294,9.60784313725,9.70588235294,9.70588235294,
82,23.0392156863,13.5294117647,19.8039215686,19.8039215686,20.1960784314,22.9411764706,19.8039215686,19.6078431373,
83,7.84313725490,10.9803921569,10.9803921569,4.70588235294,10.9803921569,10.9803921569,10.9803921569,10.9803921569,
84,24.0196078431,20.8823529412,23.6274509804,14.6078431373,24.0196078431,17.9411764706,23.6274509804,24.0196078431,
85,19.1176470588,7.35294117647,6.56862745098,6.56862745098,0.196078431373,6.56862745098,6.37254901961,6.56862745098,
86,10.6862745098,9.80392156863,9.90196078431,11.4705882353,9.90196078431,8.33333333333,3.62745098039,9.90196078431,
87,23.7254901961,11.7647058824,5.68627450980,24.5098039216,11.9607843137,11.9607843137,11.7647058824,11.9607843137,
88,10.7843137255,10.7843137255,10.7843137255,10.7843137255,10.7843137255,4.60784313725,6.86274509804,10.7843137255,
89,12.7450980392,12.7450980392,12.7450980392,13.5294117647,14.4117647059,12.7450980392,14.4117647059,12.7450980392,
90,21.5686274510,21.6666666667,21.5686274510,21.8627450980,21.6666666667,21.6666666667,21.6666666667,21.6666666667,
91,7.25490196078,7.25490196078,7.25490196078,7.25490196078,7.25490196078,0.588235294118,0.980392156863,7.25490196078,
92,8.23529411765,8.23529411765,8.23529411765,8.82352941176,8.23529411765,8.23529411765,8.23529411765,8.23529411765,
93,9.41176470588,6.37254901961,6.47058823529,6.27450980392,6.27450980392,12.5490196078,6.27450980392,6.27450980392,
94,0.0980392156863,1.66666666667,0.0980392156863,1.66666666667,0.0980392156863,0.0980392156863,6.37254901961,0.0980392156863,
95,14.3137254902,14.3137254902,11.1764705882,1.76470588235,13.5294117647,15.1960784314,14.3137254902,14.3137254902,
96,22.6470588235,16.3725490196,20.2941176471,19.5098039216,22.6470588235,24.2156862745,22.6470588235,10.0980392157,
97,1.47058823529,1.37254901961,1.47058823529,1.47058823529,3.43137254902,6.96078431373,1.37254901961,20.2941176471,
98,21.9607843137,21.9607843137,21.9607843137,9.41176470588,21.9607843137,21.9607843137,21.9607843137,21.9607843137,
99,15.8823529412,3.13725490196,0.0,3.13725490196,3.13725490196,9.41176470588,0.0,3.33333333333,
100,4.80392156863,3.23529411765,4.80392156863,4.80392156863,3.23529411765,9.50980392157,3.23529411765,3.43137254902,
101,1.07843137255,0.686274509804,0.686274509804,0.490196078431,0.686274509804,0.294117647059,0.686274509804,0.686274509804,
102,13.8235294118,13.7254901961,19.3137254902,13.0392156863,13.8235294118,13.0392156863,13.0392156863,13.0392156863,
103,7.94117647059,8.13725490196,8.92156862745,1.86274509804,6.56862745098,8.13725490196,8.52941176471,8.13725490196,
104,19.5098039216,20.6862745098,20.6862745098,21.3725490196,19.1176470588,21.0784313725,8.13725490196,20.6862745098,
105,12.9411764706,16.2745098039,16.0784313725,16.0784313725,16.0784313725,16.0784313725,22.3529411765,17.6470588235,
106,9.80392156863,9.41176470588,9.80392156863,10.7843137255,10.1960784314,9.80392156863,6.66666666667,9.80392156863,
107,16.0784313725,12.5490196078,3.92156862745,17.2549019608,15.6862745098,15.6862745098,15.6862745098,15.7843137255,
108,10.6862745098,10.6862745098,1.27450980392,5.98039215686,10.5882352941,9.90196078431,12.2549019608,10.7843137255,
109,12.8431372549,20.6862745098,14.4117647059,14.4117647059,1.86274509804,14.4117647059,14.4117647059,17.3529411765,
110,22.4509803922,5.19607843137,22.3529411765,16.1764705882,22.4509803922,16.9607843137,23.4313725490,22.4509803922,
111,21.5686274510,21.6666666667,21.5686274510,21.6666666667,21.5686274510,21.5686274510,13.3333333333,21.5686274510,
112,20.3921568627,20.3921568627,18.8235294118,14.1176470588,20.3921568627,7.84313725490,23.5294117647,7.84313725490,
113,13.3333333333,13.3333333333,13.3333333333,16.4705882353,16.6666666667,3.92156862745,16.5686274510,16.8627450980,
114,9.31372549020,6.96078431373,8.52941176471,8.92156862745,8.52941176471,6.56862745098,8.52941176471,9.31372549020,
115,11.4705882353,8.33333333333,11.4705882353,8.33333333333,11.4705882353,10.6862745098,11.6666666667,8.33333333333,
116,9.60784313725,10.7843137255,11.1764705882,9.70588235294,6.47058823529,9.60784313725,22.1568627451,11.1764705882,
117,0.686274509804,0.686274509804,14.0196078431,0.686274509804,2.25490196078,0.686274509804,2.15686274510,6.96078431373,
118,18.8235294118,6.66666666667,19.2156862745,19.2156862745,19.3137254902,16.0784313725,19.2156862745,6.27450980392,
119,15.2941176471,5.98039215686,18.4313725490,24.7058823529,18.4313725490,13.7254901961,5.49019607843,18.4313725490,
120,23.6274509804,23.6274509804,23.6274509804,23.6274509804,23.6274509804,23.6274509804,11.0784313725,23.6274509804,
121,20.9803921569,20.5882352941,21.3725490196,14.3137254902,19.1176470588,20.5882352941,20.5882352941,21.0784313725,
122,1.66666666667,1.66666666667,0.0980392156863,1.66666666667,14.2156862745,1.66666666667,5.0,0.0980392156863,
123,17.1568627451,17.1568627451,16.9607843137,17.1568627451,18.7254901961,16.9607843137,17.1568627451,17.1568627451,
124,22.4509803922,10.6862745098,22.4509803922,19.5098039216,22.4509803922,22.3529411765,9.41176470588,22.4509803922,
125,11.0784313725,10.9803921569,9.50980392157,11.0784313725,11.0784313725,11.0784313725,23.6274509804,11.0784313725,
126,7.64705882353,10.7843137255,16.2745098039,10.7843137255,10.7843137255,10.7843137255,10.7843137255,10.7843137255,
127,8.23529411765,20.8823529412,8.23529411765,8.23529411765,8.23529411765,8.23529411765,8.23529411765,8.23529411765,
128,3.92156862745,3.13725490196,3.13725490196,3.13725490196,3.33333333333,15.6862745098,3.13725490196,3.23529411765,
129,7.94117647059,21.8627450980,9.31372549020,1.86274509804,21.0784313725,11.4705882353,8.52941176471,20.6862745098,
130,24.8039215686,18.4313725490,24.7058823529,21.8627450980,24.4117647059,24.8039215686,18.5294117647,24.4117647059,
131,22.2549019608,9.70588235294,9.70588235294,15.9803921569,9.60784313725,9.70588235294,22.2549019608,9.70588235294,
132,22.6470588235,22.6470588235,22.5490196078,24.2156862745,22.5490196078,22.5490196078,19.4117647059,22.5490196078,
133,14.2156862745,14.2156862745,14.2156862745,17.3529411765,14.1176470588,14.1176470588,17.5490196078,14.2156862745,
134,15.8823529412,15.8823529412,15.8823529412,15.8823529412,15.6862745098,3.33333333333,16.2745098039,15.8823529412,
135,20.1960784314,1.37254901961,16.6666666667,14.0196078431,13.9215686275,14.3137254902,13.9215686275,13.9215686275,
136,22.0588235294,15.7843137255,15.7843137255,15.7843137255,15.7843137255,15.7843137255,12.9411764706,17.3529411765,
137,0.0,2.35294117647,1.56862745098,1.56862745098,1.66666666667,7.84313725490,1.56862745098,0.0,
138,24.6078431373,22.8431372549,19.7058823529,22.8431372549,22.8431372549,22.8431372549,23.2352941176,10.2941176471,
139,0.686274509804,0.490196078431,1.47058823529,0.588235294118,2.25490196078,0.686274509804,1.47058823529,0.686274509804,
140,12.3529411765,9.21568627451,12.3529411765,20.9803921569,12.3529411765,12.3529411765,24.9019607843,6.07843137255,
141,22.6470588235,17.1568627451,10.0980392157,16.9607843137,16.3725490196,16.3725490196,16.3725490196,16.2745098039,
142,0.196078431373,12.7450980392,12.7450980392,13.1372549020,12.8431372549,12.7450980392,12.7450980392,14.7058823529,
143,24.6078431373,24.8039215686,24.6078431373,24.4117647059,24.4117647059,22.8431372549,14.2156862745,21.2745098039,
144,1.47058823529,3.03921568627,4.60784313725,1.47058823529,1.47058823529,10.8823529412,1.47058823529,3.03921568627,
145,17.9411764706,17.7450980392,17.5490196078,17.9411764706,17.9411764706,17.5490196078,17.9411764706,17.9411764706,
146,6.76470588235,8.33333333333,7.94117647059,8.52941176471,20.8823529412,8.33333333333,8.33333333333,8.33333333333,
147,4.80392156863,4.80392156863,1.66666666667,4.80392156863,4.80392156863,4.80392156863,4.80392156863,4.80392156863,
148,4.21568627451,10.4901960784,10.4901960784,10.4901960784,4.21568627451,10.3921568627,9.70588235294,23.0392156863,
149,9.60784313725,23.8235294118,22.0588235294,9.70588235294,22.4509803922,22.2549019608,22.2549019608,22.1568627451,
150,23.6274509804,15.7843137255,22.2549019608,22.0588235294,22.3529411765,16.0784313725,18.9215686275,22.0588235294,
151,6.96078431373,0.294117647059,12.8431372549,6.56862745098,0.294117647059,0.294117647059,1.86274509804,3.43137254902,
152,5.19607843137,9.90196078431,9.90196078431,9.90196078431,11.4705882353,24.0196078431,11.4705882353,11.4705882353,
153,24.2156862745,24.2156862745,22.2549019608,2.25490196078,24.2156862745,24.2156862745,22.4509803922,24.1176470588,
154,11.6666666667,24.6078431373,24.6078431373,24.6078431373,17.5490196078,24.6078431373,24.4117647059,24.6078431373,
155,1.76470588235,2.15686274510,1.76470588235,8.03921568627,2.15686274510,14.3137254902,1.76470588235,1.86274509804,
156,6.27450980392,6.27450980392,12.5490196078,6.27450980392,20.4901960784,6.27450980392,9.41176470588,6.27450980392,
157,1.96078431373,1.56862745098,1.96078431373,1.96078431373,1.96078431373,2.74509803922,1.96078431373,11.3725490196,
158,3.82352941176,5.39215686275,5.39215686275,16.3725490196,5.19607843137,5.39215686275,5.39215686275,5.39215686275,
159,19.6078431373,7.25490196078,8.82352941176,6.47058823529,2.54901960784,8.82352941176,7.05882352941,7.05882352941,
160,4.70588235294,5.49019607843,1.66666666667,1.56862745098,4.90196078431,4.70588235294,4.90196078431,4.70588235294,
161,7.05882352941,7.35294117647,7.15686274510,6.37254901961,7.15686274510,7.15686274510,10.2941176471,7.15686274510,
162,11.4705882353,10.9803921569,12.1568627451,11.4705882353,11.3725490196,11.3725490196,23.9215686275,11.3725490196,
163,6.66666666667,2.15686274510,6.86274509804,6.86274509804,6.47058823529,6.96078431373,6.86274509804,6.86274509804,
164,7.45098039216,7.45098039216,7.45098039216,7.45098039216,7.45098039216,7.64705882353,7.45098039216,7.45098039216,
165,4.41176470588,4.41176470588,10.8823529412,10.6862745098,4.01960784314,4.41176470588,4.41176470588,4.41176470588,
166,24.8039215686,11.6666666667,24.0196078431,23.9215686275,5.39215686275,24.0196078431,24.0196078431,24.0196078431,
167,21.0784313725,21.0784313725,21.0784313725,19.5098039216,25.0,21.0784313725,21.0784313725,20.6862745098,
168,18.7254901961,17.5490196078,18.3333333333,17.4509803922,18.1372549020,5.78431372549,18.3333333333,18.3333333333,
169,9.21568627451,21.3725490196,8.82352941176,8.82352941176,11.9607843137,9.21568627451,8.82352941176,8.82352941176,
170,0.0980392156863,6.47058823529,9.41176470588,6.47058823529,6.86274509804,0.294117647059,6.47058823529,6.47058823529,
171,18.4313725490,18.6274509804,5.88235294118,16.8627450980,24.7058823529,21.5686274510,18.4313725490,18.4313725490,
172,7.15686274510,7.15686274510,7.15686274510,6.27450980392,8.72549019608,7.15686274510,7.05882352941,7.05882352941,
173,19.2156862745,19.3137254902,22.3529411765,19.2156862745,20.7843137255,19.2156862745,18.8235294118,19.2156862745,
174,20.3921568627,7.94117647059,10.9803921569,7.84313725490,7.84313725490,20.7843137255,1.76470588235,7.84313725490,
175,22.0588235294,22.8431372549,22.8431372549,23.0392156863,22.7450980392,22.8431372549,22.8431372549,22.8431372549,
176,10.5882352941,10.5882352941,4.31372549020,10.3921568627,23.1372549020,9.90196078431,7.45098039216,10.5882352941,
177,1.27450980392,6.76470588235,10.6862745098,7.15686274510,7.54901960784,7.54901960784,7.54901960784,7.54901960784,
178,22.9411764706,10.3921568627,22.1568627451,22.9411764706,22.9411764706,10.3921568627,24.5098039216,22.1568627451,
179,21.3725490196,15.1960784314,21.4705882353,21.4705882353,15.0,21.4705882353,21.8627450980,8.92156862745,
180,24.0196078431,23.5294117647,23.9215686275,23.9215686275,11.3725490196,24.1176470588,23.9215686275,23.9215686275,
181,4.41176470588,4.41176470588,1.27450980392,4.41176470588,4.41176470588,10.6862745098,6.07843137255,1.27450980392,
182,16.1764705882,16.7647058824,17.1568627451,17.1568627451,17.1568627451,4.60784313725,17.1568627451,17.1568627451,
183,3.52941176471,0.490196078431,5.09803921569,3.52941176471,4.50980392157,0.392156862745,3.72549019608,6.66666666667,
184,9.60784313725,9.70588235294,9.70588235294,9.70588235294,11.2745098039,22.2549019608,9.70588235294,9.70588235294,
185,25.0,21.8627450980,21.8627450980,21.0784313725,21.8627450980,15.5882352941,21.4705882353,21.8627450980,
186,21.9607843137,15.7843137255,15.7843137255,15.8823529412,15.6862745098,16.0784313725,15.6862745098,15.6862745098,
187,20.5882352941,23.7254901961,14.3137254902,20.5882352941,20.5882352941,23.7254901961,20.9803921569,7.84313725490,
188,6.37254901961,10.2941176471,22.8431372549,10.2941176471,11.8627450980,10.2941176471,10.2941176471,7.15686274510,
189,3.13725490196,9.41176470588,3.13725490196,3.33333333333,3.13725490196,9.41176470588,3.13725490196,3.92156862745,
190,22.0588235294,22.0588235294,22.0588235294,22.0588235294,18.9215686275,22.0588235294,23.6274509804,22.2549019608,
191,11.0784313725,20.0,13.7254901961,22.8431372549,13.7254901961,6.56862745098,12.9411764706,3.72549019608,
192,11.2745098039,15.4901960784,9.01960784314,22.4509803922,6.86274509804,1.07843137255,5.88235294118,13.9215686275,
193,22.0588235294,12.9411764706,7.25490196078,6.17647058824,9.70588235294,1.47058823529,7.15686274510,7.05882352941,
194,0.686274509804,10.0980392157,10.1960784314,12.5490196078,0.490196078431,9.01960784314,12.2549019608,21.8627450980,
195,22.4509803922,3.03921568627,2.54901960784,20.0980392157,14.9019607843,14.9019607843,5.78431372549,24.9019607843,
196,8.52941176471,11.3725490196,24.4117647059,8.33333333333,14.9019607843,4.60784313725,16.6666666667,5.88235294118,
197,15.8823529412,23.7254901961,24.5098039216,5.78431372549,20.4901960784,20.0980392157,1.47058823529,16.1764705882,
198,6.56862745098,0.294117647059,1.27450980392,24.9019607843,4.11764705882,9.21568627451,4.31372549020,14.1176470588,
199,20.3921568627,9.70588235294,13.3333333333,4.31372549020,0.294117647059,12.3529411765,22.2549019608,24.3137254902,

Population fitness value 
0,0
1,0
2,0
3,0
4,0
5,0
6,0
7,0
8,0
9,0
10,0
11,0
12,0
13,0
14,0
15,0
16,0
17,0
18,0
19,0
20,0
21,0
22,0
23,0
24,0
25,0
26,0
27,0
28,0
29,0
30,0
31,0
32,0
33,0
34,0
35,0
36,0
37,0
38,0
39,0
40,0
41,0
42,0
43,0
44,0
45,0
46,0
47,0
48,0
49,0
50,0
51,0
52,0
53,0
54,0
55,0
56,0
57,0
58,0
59,0
60,0
61,0
62,0
63,0
64,0
65,0
66,0
67,0
68,0
69,0
70,0
71,0
72,0
73,0
74,0
75,0
76,0
77,0
78,0
79,0
80,0
81,0
82,0
83,0
84,0
85,0
86,0
87,0
88,0
89,0
90,0
91,0
92,0
93,0
94,0
95,0
96,0
97,0
98,0
99,0
100,0
101,0
102,0
103,0
104,0
105,0
106,0
107,0
108,0
109,0
110,0
111,0
112,0
113,0
114,0
115,0
116,0
117,0
118,0
119,0
120,0
121,0
122,0
123,0
124,0
125,0
126,0
127,0
128,0
129,0
130,0
131,0
132,0
133,0
134,0
135,0
136,0
137,0
138,0
139,0
140,0
141,0
142,0
143,0
144,0
145,0
146,0
147,0
148,0
149,0
150,0
151,0
152,0
153,0
154,0
155,0
156,0
157,0
158,0
159,0
160,0
161,0
162,0
163,0
164,0
165,0
166,0
167,0
168,0
169,0
170,0
171,0
172,0
173,0
174,0
175,0
176,0
177,0
178,0
179,0
180,0
181,0
182,0
183,0
184,0
185,0
186,0
187,0
188,0
189,0
190,0
191,0
192,0
193,0
194,0
195,0
196,0
197,0
198,0
199,0


