Generation 
12

Number of individuals per generation
50

Population scaled variables 
0,4.96031746032,4.96031746032,17.4603174603,4.96031746032,17.4603174603,17.4603174603,4.96031746032,17.4603174603,
1,3.17460317460,3.17460317460,15.6746031746,3.17460317460,15.6746031746,15.6746031746,3.17460317460,15.6746031746,
2,0.198412698413,0.198412698413,12.5,0.198412698413,12.6984126984,15.8730158730,0.198412698413,12.6984126984,
3,3.37301587302,3.17460317460,15.8730158730,3.37301587302,15.8730158730,15.8730158730,3.37301587302,15.8730158730,
4,6.54761904762,6.34920634921,18.8492063492,6.34920634921,18.8492063492,18.8492063492,6.34920634921,18.8492063492,
5,3.17460317460,3.17460317460,15.6746031746,4.76190476190,15.6746031746,15.6746031746,3.17460317460,15.6746031746,
6,7.14285714286,10.3174603175,22.8174603175,10.3174603175,22.8174603175,22.8174603175,10.3174603175,22.8174603175,
7,10.3174603175,10.3174603175,22.8174603175,10.3174603175,22.8174603175,22.8174603175,10.3174603175,22.8174603175,
8,3.17460317460,3.17460317460,15.6746031746,3.17460317460,15.6746031746,15.6746031746,3.17460317460,15.6746031746,
9,1.19047619048,1.19047619048,13.6904761905,7.53968253968,13.6904761905,13.6904761905,1.19047619048,13.6904761905,
10,10.3174603175,10.3174603175,22.8174603175,10.3174603175,22.8174603175,22.8174603175,10.3174603175,22.8174603175,
11,6.34920634921,6.34920634921,18.8492063492,6.34920634921,18.8492063492,18.8492063492,6.34920634921,18.8492063492,
12,10.3174603175,10.3174603175,22.8174603175,10.3174603175,22.8174603175,22.8174603175,10.3174603175,22.8174603175,
13,10.3174603175,10.3174603175,22.8174603175,10.3174603175,22.8174603175,22.8174603175,10.3174603175,22.8174603175,
14,3.76984126984,3.76984126984,17.8571428571,3.76984126984,16.2698412698,16.2698412698,3.76984126984,16.2698412698,
15,4.96031746032,4.96031746032,17.4603174603,4.96031746032,17.4603174603,17.4603174603,1.78571428571,17.4603174603,
16,3.37301587302,3.37301587302,15.8730158730,3.37301587302,15.8730158730,15.8730158730,3.37301587302,15.8730158730,
17,0.198412698413,0.198412698413,12.6984126984,0.198412698413,12.6984126984,12.6984126984,0.198412698413,12.5,
18,6.54761904762,6.54761904762,19.0476190476,6.54761904762,19.0476190476,19.0476190476,6.54761904762,19.0476190476,
19,3.96825396825,3.96825396825,16.4682539683,3.96825396825,16.6666666667,16.4682539683,3.96825396825,16.4682539683,
20,0.396825396825,0.396825396825,12.8968253968,0.396825396825,12.8968253968,12.8968253968,0.396825396825,12.8968253968,
21,1.19047619048,1.38888888889,13.8888888889,1.38888888889,13.8888888889,13.8888888889,1.38888888889,13.8888888889,
22,5.15873015873,5.15873015873,17.6587301587,5.15873015873,17.6587301587,17.6587301587,5.15873015873,17.6587301587,
23,6.34920634921,6.34920634921,18.8492063492,6.34920634921,18.8492063492,18.8492063492,6.34920634921,18.8492063492,
24,3.96825396825,3.96825396825,16.4682539683,3.96825396825,16.4682539683,16.4682539683,3.96825396825,16.4682539683,
25,1.38888888889,1.38888888889,13.8888888889,1.38888888889,13.8888888889,13.8888888889,1.38888888889,13.8888888889,
26,7.14285714286,7.14285714286,19.6428571429,7.14285714286,19.6428571429,19.6428571429,7.14285714286,19.6428571429,
27,3.96825396825,3.96825396825,16.4682539683,3.96825396825,18.0555555556,16.4682539683,10.3174603175,16.4682539683,
28,3.96825396825,3.96825396825,16.4682539683,3.96825396825,18.0555555556,16.4682539683,3.96825396825,16.4682539683,
29,1.19047619048,1.19047619048,13.6904761905,1.19047619048,13.6904761905,13.6904761905,1.19047619048,13.6904761905,
30,6.54761904762,6.54761904762,19.0476190476,6.54761904762,19.0476190476,19.0476190476,6.54761904762,19.0476190476,
31,3.17460317460,3.17460317460,15.6746031746,3.17460317460,15.6746031746,15.6746031746,3.17460317460,15.6746031746,
32,4.96031746032,4.96031746032,17.4603174603,4.96031746032,17.4603174603,17.4603174603,4.96031746032,17.4603174603,
33,1.38888888889,1.38888888889,13.8888888889,1.38888888889,13.8888888889,13.8888888889,1.38888888889,13.8888888889,
34,1.38888888889,1.38888888889,13.8888888889,1.38888888889,13.8888888889,13.8888888889,1.38888888889,13.8888888889,
35,1.38888888889,2.97619047619,13.8888888889,1.38888888889,13.8888888889,13.8888888889,1.38888888889,13.8888888889,
36,3.76984126984,3.76984126984,16.2698412698,3.76984126984,16.2698412698,16.2698412698,3.76984126984,16.2698412698,
37,4.96031746032,4.96031746032,23.8095238095,4.96031746032,17.4603174603,17.4603174603,4.96031746032,17.4603174603,
38,3.76984126984,3.37301587302,16.2698412698,3.76984126984,16.2698412698,16.2698412698,3.76984126984,16.2698412698,
39,6.54761904762,7.34126984127,19.0476190476,6.54761904762,19.0476190476,19.8412698413,6.54761904762,19.0476190476,
40,3.76984126984,2.18253968254,19.0476190476,4.16666666667,24.4047619048,16.8650793651,0.396825396825,19.6428571429,
41,1.19047619048,4.96031746032,23.6111111111,1.78571428571,18.0555555556,18.4523809524,2.38095238095,19.6428571429,
42,10.3174603175,0.992063492063,18.8492063492,6.34920634921,24.0079365079,24.2063492063,2.18253968254,20.4365079365,
43,6.54761904762,0.793650793651,13.0952380952,0.0,23.4126984127,14.2857142857,2.57936507937,24.2063492063,
44,1.38888888889,7.34126984127,22.8174603175,7.93650793651,19.4444444444,21.6269841270,9.72222222222,24.2063492063,
45,7.93650793651,2.18253968254,22.2222222222,0.992063492063,18.2539682540,17.0634920635,5.55555555556,21.6269841270,
46,3.96825396825,10.7142857143,23.2142857143,0.198412698413,24.4047619048,17.4603174603,0.793650793651,15.2777777778,
47,3.96825396825,9.12698412698,22.6190476190,3.37301587302,24.6031746032,16.6666666667,0.0,17.0634920635,
48,3.17460317460,11.1111111111,19.0476190476,3.37301587302,21.0317460317,19.4444444444,5.75396825397,21.6269841270,
49,4.96031746032,11.5079365079,19.6428571429,1.19047619048,19.0476190476,19.6428571429,2.77777777778,22.4206349206,

Population fitness value 
0,156.25
1,156.25
2,174.536249685
3,157.490079365
4,155.009920635
5,146.329365079
6,176.091269841
7,156.25
8,156.25
9,116.567460317
10,156.25
11,156.25
12,156.25
13,156.25
14,166.170634921
15,176.091269841
16,156.25
17,155.009920635
18,156.25
19,157.490079365
20,156.25
21,157.490079365
22,156.25
23,156.25
24,156.25
25,156.25
26,156.25
27,126.488095238
28,166.170634921
29,156.25
30,156.25
31,156.25
32,156.25
33,156.25
34,156.25
35,146.329365079
36,156.25
37,195.932539683
38,158.730158730
39,156.25
40,296.595490048
41,293.800390527
42,289.883314437
43,275.061413454
44,240.417926430
45,230.457923910
46,229.709939531
47,226.521164021
48,218.372071051
49,218.135865457


