Generation 
3

Number of individuals per generation
200

Population scaled variables 
0,2.25490196078,2.64705882353,2.05882352941,17.9411764706,14.8039215686,2.25490196078,2.15686274510,2.25490196078,
1,18.1372549020,18.1372549020,18.1372549020,18.1372549020,18.1372549020,18.1372549020,18.1372549020,18.1372549020,
2,13.0392156863,13.0392156863,13.0392156863,14.6078431373,13.0392156863,13.0392156863,12.6470588235,14.8039215686,
3,10.5882352941,3.52941176471,4.31372549020,4.31372549020,4.31372549020,3.52941176471,4.41176470588,4.31372549020,
4,1.37254901961,0.392156862745,0.392156862745,0.392156862745,0.392156862745,12.9411764706,1.76470588235,0.490196078431,
5,13.9215686275,17.0588235294,20.1960784314,17.0588235294,20.1960784314,20.1960784314,21.8627450980,23.3333333333,
6,22.7450980392,10.0,10.5882352941,22.7450980392,10.5882352941,7.45098039216,10.5882352941,10.5882352941,
7,5.58823529412,16.5686274510,16.7647058824,16.5686274510,16.7647058824,16.7647058824,16.5686274510,16.5686274510,
8,16.4705882353,13.3333333333,13.3333333333,18.1372549020,13.5294117647,14.1176470588,13.3333333333,13.7254901961,
9,5.29411764706,5.0,5.29411764706,5.29411764706,5.29411764706,5.29411764706,5.29411764706,5.29411764706,
10,13.0392156863,0.0980392156863,14.8039215686,0.490196078431,0.392156862745,0.490196078431,0.490196078431,6.76470588235,
11,6.96078431373,6.56862745098,7.35294117647,7.25490196078,7.35294117647,6.56862745098,6.56862745098,6.56862745098,
12,10.3921568627,4.31372549020,10.1960784314,10.1960784314,10.3921568627,10.1960784314,10.5882352941,10.1960784314,
13,10.8823529412,10.8823529412,23.2352941176,12.4509803922,10.4901960784,10.8823529412,10.8823529412,23.4313725490,
14,15.0,21.2745098039,21.6666666667,9.11764705882,21.6666666667,21.6666666667,21.6666666667,21.4705882353,
15,13.4313725490,22.4509803922,16.1764705882,16.1764705882,16.1764705882,16.0784313725,13.0392156863,17.1568627451,
16,24.8039215686,24.2156862745,24.2156862745,23.4313725490,25.0,25.0,25.0,25.0,
17,25.0,18.5294117647,18.5294117647,18.5294117647,18.7254901961,18.5294117647,18.5294117647,18.5294117647,
18,11.9607843137,11.2745098039,8.03921568627,11.2745098039,11.2745098039,5.0,11.2745098039,11.2745098039,
19,18.6274509804,15.4901960784,15.4901960784,15.4901960784,14.7058823529,15.4901960784,1.37254901961,15.4901960784,
20,14.1176470588,14.2156862745,2.35294117647,14.1176470588,14.1176470588,1.56862745098,14.1176470588,14.1176470588,
21,10.6862745098,10.6862745098,10.6862745098,23.2352941176,22.8431372549,23.2352941176,23.1372549020,23.2352941176,
22,18.0392156863,5.58823529412,18.1372549020,15.0,18.1372549020,16.5686274510,18.5294117647,18.1372549020,
23,1.96078431373,2.74509803922,2.74509803922,2.74509803922,2.74509803922,2.74509803922,2.74509803922,9.01960784314,
24,0.686274509804,0.588235294118,1.37254901961,7.45098039216,1.76470588235,0.588235294118,0.588235294118,0.392156862745,
25,12.8431372549,12.8431372549,12.8431372549,13.2352941176,12.8431372549,12.8431372549,12.8431372549,12.8431372549,
26,12.0588235294,2.64705882353,8.92156862745,2.64705882353,2.64705882353,8.92156862745,24.6078431373,8.92156862745,
27,21.3725490196,9.21568627451,21.3725490196,21.3725490196,21.3725490196,21.4705882353,21.3725490196,21.3725490196,
28,11.4705882353,20.8823529412,24.0196078431,22.4509803922,23.6274509804,23.6274509804,23.5294117647,24.0196078431,
29,22.8431372549,22.8431372549,16.5686274510,10.2941176471,22.7450980392,22.8431372549,23.2352941176,22.8431372549,
30,1.27450980392,13.8235294118,1.27450980392,0.882352941176,3.62745098039,2.84313725490,3.03921568627,1.27450980392,
31,12.6470588235,13.4313725490,12.6470588235,12.6470588235,12.6470588235,12.6470588235,12.6470588235,12.6470588235,
32,13.0392156863,13.8235294118,1.27450980392,13.8235294118,15.3921568627,13.8235294118,13.0392156863,19.3137254902,
33,21.7647058824,21.1764705882,8.23529411765,21.5686274510,9.01960784314,20.0,21.5686274510,21.5686274510,
34,22.1568627451,21.9607843137,22.1568627451,21.9607843137,22.4509803922,21.9607843137,18.8235294118,21.9607843137,
35,18.3333333333,5.78431372549,18.3333333333,24.6078431373,18.3333333333,18.3333333333,5.78431372549,18.1372549020,
36,15.1960784314,15.5882352941,21.4705882353,15.1960784314,15.1960784314,15.9803921569,15.1960784314,2.64705882353,
37,10.5882352941,10.6862745098,12.2549019608,9.90196078431,10.6862745098,10.6862745098,10.6862745098,10.6862745098,
38,24.7058823529,24.7058823529,24.7058823529,24.7058823529,23.9215686275,24.7058823529,24.7058823529,24.7058823529,
39,23.3333333333,22.9411764706,24.5098039216,22.1568627451,22.5490196078,22.9411764706,22.9411764706,22.1568627451,
40,18.8235294118,19.2156862745,20.3921568627,19.7058823529,12.5490196078,18.8235294118,19.8039215686,18.8235294118,
41,17.0588235294,17.1568627451,17.0588235294,17.0588235294,17.0588235294,16.2745098039,16.6666666667,17.0588235294,
42,14.4117647059,14.4117647059,14.4117647059,14.4117647059,14.4117647059,15.1960784314,14.4117647059,14.4117647059,
43,10.4901960784,7.64705882353,7.35294117647,7.35294117647,12.0588235294,10.4901960784,7.25490196078,9.70588235294,
44,0.196078431373,13.2352941176,6.47058823529,0.196078431373,0.196078431373,0.196078431373,6.47058823529,12.8431372549,
45,22.5490196078,22.6470588235,16.2745098039,22.6470588235,16.2745098039,22.5490196078,9.80392156863,16.2745098039,
46,10.4901960784,10.2941176471,7.35294117647,10.4901960784,11.9607843137,4.21568627451,10.4901960784,12.0588235294,
47,2.25490196078,2.05882352941,14.6078431373,14.6078431373,8.33333333333,2.05882352941,2.05882352941,8.33333333333,
48,0.392156862745,1.96078431373,0.392156862745,0.392156862745,3.52941176471,0.392156862745,0.392156862745,1.17647058824,
49,14.4117647059,23.8235294118,20.6862745098,20.6862745098,20.5882352941,20.6862745098,8.13725490196,21.4705882353,
50,7.35294117647,0.882352941176,7.35294117647,0.882352941176,7.35294117647,7.35294117647,8.72549019608,0.882352941176,
51,24.7058823529,23.7254901961,24.1176470588,23.9215686275,24.1176470588,24.1176470588,24.1176470588,17.8431372549,
52,22.5490196078,16.2745098039,23.3333333333,0.588235294118,22.5490196078,22.5490196078,22.5490196078,13.1372549020,
53,1.37254901961,6.66666666667,1.07843137255,1.37254901961,1.37254901961,1.37254901961,1.37254901961,1.37254901961,
54,13.4313725490,13.4313725490,13.4313725490,13.4313725490,13.4313725490,13.4313725490,13.3333333333,0.882352941176,
55,10.3921568627,7.25490196078,10.7843137255,10.3921568627,10.3921568627,10.3921568627,10.3921568627,4.11764705882,
56,19.5098039216,11.6666666667,24.2156862745,22.6470588235,22.6470588235,22.6470588235,14.8039215686,24.2156862745,
57,2.54901960784,2.64705882353,8.82352941176,8.82352941176,8.82352941176,8.82352941176,8.82352941176,8.82352941176,
58,20.8823529412,24.0196078431,20.4901960784,8.33333333333,20.8823529412,20.8823529412,24.0196078431,20.8823529412,
59,14.3137254902,15.5882352941,15.0980392157,15.1960784314,15.1960784314,15.1960784314,15.0,13.4313725490,
60,5.39215686275,2.25490196078,2.25490196078,2.25490196078,2.25490196078,2.05882352941,2.05882352941,5.39215686275,
61,2.94117647059,2.94117647059,5.88235294118,2.94117647059,12.3529411765,2.94117647059,6.07843137255,9.21568627451,
62,0.0,0.0,0.0,12.5490196078,3.52941176471,0.0,3.13725490196,0.78431372549,
63,7.35294117647,0.980392156863,7.35294117647,7.35294117647,7.35294117647,7.35294117647,7.35294117647,7.35294117647,
64,10.7843137255,10.0,10.0,9.60784313725,10.0,10.0,3.72549019608,22.1568627451,
65,14.3137254902,14.3137254902,14.1176470588,1.56862745098,14.3137254902,12.5490196078,14.3137254902,14.3137254902,
66,1.07843137255,1.07843137255,1.47058823529,1.07843137255,1.47058823529,1.07843137255,0.882352941176,1.07843137255,
67,17.8431372549,24.1176470588,15.8823529412,16.2745098039,16.2745098039,16.2745098039,17.0588235294,17.8431372549,
68,0.0980392156863,2.05882352941,4.80392156863,1.66666666667,1.66666666667,12.2549019608,2.05882352941,2.05882352941,
69,20.0980392157,23.2352941176,16.9607843137,24.4117647059,23.2352941176,23.2352941176,22.4509803922,10.6862745098,
70,3.33333333333,4.11764705882,4.90196078431,3.33333333333,4.11764705882,3.33333333333,9.60784313725,3.33333333333,
71,6.37254901961,18.9215686275,9.50980392157,6.37254901961,6.37254901961,6.37254901961,6.76470588235,6.37254901961,
72,16.9607843137,18.6274509804,18.5294117647,18.4313725490,15.3921568627,5.98039215686,5.98039215686,18.5294117647,
73,3.23529411765,12.4509803922,4.21568627451,3.43137254902,0.294117647059,4.21568627451,3.43137254902,0.0980392156863,
74,14.0196078431,15.5882352941,16.3725490196,1.47058823529,14.0196078431,13.0392156863,13.6274509804,15.5882352941,
75,7.05882352941,2.45098039216,0.882352941176,0.882352941176,0.882352941176,7.15686274510,0.882352941176,1.17647058824,
76,16.5686274510,18.5294117647,5.98039215686,18.5294117647,18.7254901961,18.5294117647,17.7450980392,18.7254901961,
77,14.1176470588,14.5098039216,14.3137254902,17.2549019608,17.2549019608,14.2156862745,14.5098039216,14.1176470588,
78,16.5686274510,10.2941176471,16.5686274510,16.5686274510,16.5686274510,13.4313725490,13.4313725490,18.1372549020,
79,22.2549019608,19.0196078431,22.2549019608,20.6862745098,15.9803921569,22.2549019608,15.9803921569,22.2549019608,
80,5.29411764706,5.09803921569,4.70588235294,1.96078431373,5.09803921569,5.09803921569,11.3725490196,5.09803921569,
81,24.9019607843,24.8039215686,24.1176470588,24.9019607843,24.7058823529,23.3333333333,24.1176470588,18.6274509804,
82,10.4901960784,23.0392156863,10.4901960784,10.4901960784,12.0588235294,4.21568627451,10.4901960784,9.50980392157,
83,6.66666666667,9.01960784314,7.45098039216,9.01960784314,7.64705882353,2.74509803922,9.01960784314,10.5882352941,
84,1.27450980392,1.47058823529,1.47058823529,3.03921568627,1.47058823529,1.07843137255,0.686274509804,1.47058823529,
85,14.3137254902,13.3333333333,14.4117647059,15.0980392157,14.3137254902,14.3137254902,14.3137254902,14.1176470588,
86,5.09803921569,5.09803921569,10.5882352941,5.09803921569,5.29411764706,4.70588235294,17.6470588235,5.09803921569,
87,2.54901960784,21.3725490196,2.54901960784,5.68627450980,2.54901960784,2.54901960784,2.54901960784,2.54901960784,
88,20.0980392157,19.3137254902,13.0392156863,19.3137254902,19.3137254902,19.3137254902,6.76470588235,19.3137254902,
89,1.47058823529,4.60784313725,9.31372549020,10.8823529412,10.4901960784,10.0980392157,11.6666666667,10.8823529412,
90,11.5686274510,11.5686274510,12.3529411765,12.3529411765,11.5686274510,12.3529411765,11.5686274510,11.5686274510,
91,9.41176470588,9.41176470588,9.41176470588,9.41176470588,9.41176470588,9.41176470588,9.41176470588,22.1568627451,
92,6.17647058824,6.17647058824,4.60784313725,6.17647058824,4.60784313725,4.60784313725,2.25490196078,12.4509803922,
93,18.6274509804,17.0588235294,16.3725490196,17.1568627451,17.1568627451,17.1568627451,17.1568627451,16.3725490196,
94,23.6274509804,24.0196078431,22.0588235294,17.3529411765,23.6274509804,22.4509803922,10.9803921569,24.4117647059,
95,2.94117647059,1.37254901961,13.9215686275,1.47058823529,0.78431372549,6.86274509804,1.37254901961,1.37254901961,
96,6.76470588235,22.4509803922,9.90196078431,9.50980392157,9.50980392157,6.76470588235,9.90196078431,9.90196078431,
97,15.7843137255,10.2941176471,12.6470588235,15.6862745098,16.1764705882,3.23529411765,15.7843137255,15.7843137255,
98,8.72549019608,12.0588235294,5.78431372549,10.4901960784,9.31372549020,10.4901960784,12.0588235294,12.0588235294,
99,16.7647058824,15.8823529412,16.3725490196,15.9803921569,15.9803921569,15.9803921569,15.9803921569,15.9803921569,
100,12.6470588235,16.1764705882,13.4313725490,12.6470588235,12.6470588235,12.6470588235,13.0392156863,16.5686274510,
101,18.9215686275,18.9215686275,16.1764705882,22.0588235294,22.0588235294,22.0588235294,9.50980392157,22.0588235294,
102,15.1960784314,15.0980392157,15.0980392157,15.0980392157,15.0980392157,15.0980392157,18.2352941176,14.3137254902,
103,0.196078431373,0.196078431373,3.33333333333,0.196078431373,0.196078431373,0.196078431373,16.2745098039,0.196078431373,
104,11.3725490196,11.5686274510,11.3725490196,11.3725490196,9.80392156863,11.4705882353,20.4901960784,11.4705882353,
105,7.05882352941,7.05882352941,7.45098039216,10.1960784314,7.15686274510,7.05882352941,19.8039215686,6.27450980392,
106,21.3725490196,21.3725490196,21.3725490196,21.3725490196,21.3725490196,24.5098039216,8.82352941176,21.3725490196,
107,11.2745098039,5.58823529412,5.58823529412,5.58823529412,5.58823529412,5.78431372549,4.80392156863,5.58823529412,
108,9.50980392157,9.50980392157,9.50980392157,6.76470588235,9.70588235294,9.90196078431,4.01960784314,9.50980392157,
109,9.80392156863,7.45098039216,7.05882352941,7.05882352941,6.66666666667,6.27450980392,7.45098039216,7.64705882353,
110,15.1960784314,13.6274509804,19.9019607843,13.6274509804,13.4313725490,13.6274509804,13.6274509804,13.9215686275,
111,17.3529411765,15.9803921569,17.3529411765,17.3529411765,4.80392156863,17.3529411765,15.7843137255,17.3529411765,
112,15.8823529412,15.6862745098,0.196078431373,15.9803921569,15.8823529412,17.4509803922,16.4705882353,15.8823529412,
113,19.0196078431,20.3921568627,20.3921568627,18.8235294118,20.3921568627,20.3921568627,23.5294117647,20.3921568627,
114,0.490196078431,3.82352941176,5.29411764706,3.82352941176,0.588235294118,3.82352941176,3.82352941176,3.82352941176,
115,12.4509803922,10.8823529412,11.9607843137,12.4509803922,12.4509803922,12.4509803922,12.4509803922,12.4509803922,
116,5.88235294118,9.01960784314,12.3529411765,11.5686274510,12.1568627451,12.1568627451,12.1568627451,12.1568627451,
117,7.05882352941,10.1960784314,22.7450980392,10.1960784314,10.1960784314,22.7450980392,10.1960784314,10.1960784314,
118,5.39215686275,17.9411764706,5.39215686275,3.82352941176,17.9411764706,5.39215686275,6.17647058824,5.39215686275,
119,24.1176470588,23.9215686275,24.1176470588,24.1176470588,24.1176470588,24.1176470588,24.9019607843,24.1176470588,
120,6.66666666667,9.90196078431,10.0980392157,11.0784313725,5.98039215686,10.6862745098,12.2549019608,9.90196078431,
121,4.50980392157,24.9019607843,12.3529411765,12.3529411765,12.3529411765,12.4509803922,12.3529411765,12.3529411765,
122,5.09803921569,3.13725490196,3.92156862745,3.13725490196,3.92156862745,3.13725490196,12.5490196078,3.13725490196,
123,6.56862745098,6.96078431373,19.5098039216,1.47058823529,6.96078431373,6.96078431373,6.96078431373,6.96078431373,
124,3.52941176471,5.09803921569,4.70588235294,5.09803921569,5.09803921569,17.6470588235,5.09803921569,5.88235294118,
125,17.0588235294,16.2745098039,17.0588235294,17.0588235294,16.0784313725,16.3725490196,16.2745098039,16.2745098039,
126,11.5686274510,11.6666666667,11.6666666667,6.07843137255,11.5686274510,23.7254901961,10.0,11.6666666667,
127,14.4117647059,12.8431372549,12.6470588235,12.8431372549,12.8431372549,13.2352941176,14.4117647059,12.8431372549,
128,9.90196078431,10.0,10.0,10.0,10.0,10.0,10.0,10.0,
129,15.9803921569,15.9803921569,15.9803921569,15.9803921569,16.3725490196,17.9411764706,17.5490196078,15.9803921569,
130,4.80392156863,5.09803921569,1.96078431373,17.6470588235,5.19607843137,4.70588235294,5.09803921569,5.09803921569,
131,20.5882352941,20.3921568627,19.0196078431,20.5882352941,20.5882352941,20.5882352941,20.5882352941,20.6862745098,
132,19.7058823529,19.7058823529,19.7058823529,19.7058823529,19.7058823529,18.9215686275,19.7058823529,13.8235294118,
133,19.7058823529,19.7058823529,19.7058823529,13.4313725490,16.5686274510,19.7058823529,10.2941176471,19.7058823529,
134,8.43137254902,11.1764705882,8.03921568627,1.76470588235,8.03921568627,8.03921568627,8.03921568627,8.03921568627,
135,1.86274509804,1.76470588235,0.196078431373,2.54901960784,1.76470588235,4.90196078431,2.54901960784,8.82352941176,
136,24.9019607843,24.9019607843,18.6274509804,18.6274509804,23.3333333333,11.5686274510,24.9019607843,24.9019607843,
137,23.3333333333,23.3333333333,23.3333333333,24.9019607843,22.9411764706,23.3333333333,17.1568627451,23.3333333333,
138,11.4705882353,12.1568627451,11.4705882353,12.2549019608,12.2549019608,12.2549019608,11.8627450980,12.2549019608,
139,5.29411764706,11.6666666667,11.2745098039,11.6666666667,11.6666666667,11.6666666667,11.3725490196,5.39215686275,
140,9.01960784314,8.23529411765,19.6078431373,9.11764705882,9.01960784314,9.21568627451,8.23529411765,7.64705882353,
141,8.23529411765,8.52941176471,9.11764705882,8.33333333333,8.33333333333,20.8823529412,8.33333333333,8.33333333333,
142,12.3529411765,5.29411764706,5.29411764706,5.29411764706,5.29411764706,5.29411764706,14.7058823529,5.29411764706,
143,19.4117647059,19.4117647059,24.1176470588,19.4117647059,19.4117647059,20.1960784314,19.4117647059,6.86274509804,
144,16.1764705882,16.1764705882,16.1764705882,12.9411764706,16.9607843137,16.1764705882,16.1764705882,16.1764705882,
145,20.8823529412,8.33333333333,6.37254901961,6.76470588235,8.33333333333,9.11764705882,9.11764705882,7.54901960784,
146,13.4313725490,13.8235294118,13.7254901961,16.9607843137,19.7058823529,7.54901960784,12.6470588235,20.0980392157,
147,7.45098039216,20.0,7.45098039216,7.45098039216,7.45098039216,18.8235294118,7.45098039216,10.5882352941,
148,16.5686274510,16.5686274510,16.5686274510,16.5686274510,10.1960784314,15.0,0.882352941176,13.4313725490,
149,12.5490196078,13.3333333333,12.5490196078,12.5490196078,16.4705882353,12.5490196078,12.5490196078,13.3333333333,
150,24.3137254902,23.9215686275,23.7254901961,24.5098039216,24.3137254902,24.3137254902,24.4117647059,16.4705882353,
151,11.1764705882,11.5686274510,5.0,10.0,8.03921568627,11.1764705882,11.1764705882,5.29411764706,
152,21.6666666667,21.6666666667,21.6666666667,21.6666666667,21.8627450980,21.8627450980,21.6666666667,20.4901960784,
153,23.5294117647,22.7450980392,21.9607843137,22.1568627451,10.2941176471,21.9607843137,22.7450980392,21.9607843137,
154,18.1372549020,18.1372549020,18.1372549020,18.5294117647,18.5294117647,18.1372549020,18.1372549020,18.1372549020,
155,15.0980392157,15.0980392157,15.0980392157,2.54901960784,15.0980392157,15.4901960784,15.0980392157,15.0980392157,
156,13.3333333333,13.3333333333,13.3333333333,13.4313725490,13.7254901961,0.0,13.3333333333,13.3333333333,
157,4.31372549020,4.41176470588,4.41176470588,4.31372549020,3.52941176471,3.92156862745,1.17647058824,4.31372549020,
158,9.01960784314,2.74509803922,2.74509803922,9.01960784314,2.74509803922,2.74509803922,8.62745098039,9.01960784314,
159,5.09803921569,5.09803921569,5.09803921569,5.19607843137,5.09803921569,11.3725490196,5.09803921569,5.29411764706,
160,3.92156862745,3.13725490196,10.1960784314,9.41176470588,11.7647058824,10.2941176471,10.1960784314,9.50980392157,
161,0.686274509804,2.25490196078,2.84313725490,2.25490196078,3.03921568627,5.39215686275,2.25490196078,2.25490196078,
162,15.7843137255,24.4117647059,17.3529411765,17.3529411765,5.09803921569,17.3529411765,23.5294117647,17.3529411765,
163,23.7254901961,23.7254901961,17.4509803922,23.7254901961,23.7254901961,23.7254901961,14.3137254902,23.7254901961,
164,5.09803921569,9.80392156863,3.52941176471,3.33333333333,3.52941176471,3.52941176471,3.72549019608,3.52941176471,
165,23.7254901961,23.7254901961,23.7254901961,17.4509803922,23.7254901961,23.7254901961,23.7254901961,23.7254901961,
166,4.41176470588,4.01960784314,13.0392156863,4.41176470588,4.41176470588,4.01960784314,4.41176470588,10.6862745098,
167,23.9215686275,24.0196078431,24.9019607843,23.7254901961,23.9215686275,14.5098039216,23.9215686275,23.9215686275,
168,19.6078431373,19.6078431373,20.0,13.3333333333,7.05882352941,19.6078431373,19.6078431373,22.7450980392,
169,8.03921568627,6.47058823529,6.27450980392,6.27450980392,6.66666666667,6.27450980392,6.27450980392,6.66666666667,
170,6.96078431373,0.0980392156863,6.37254901961,0.0980392156863,6.37254901961,6.56862745098,7.15686274510,19.3137254902,
171,19.6078431373,13.5294117647,14.9019607843,13.3333333333,13.3333333333,12.5490196078,13.9215686275,13.7254901961,
172,0.392156862745,0.392156862745,3.52941176471,0.392156862745,0.392156862745,12.9411764706,1.96078431373,0.392156862745,
173,17.1568627451,18.7254901961,18.7254901961,17.1568627451,17.1568627451,16.3725490196,17.1568627451,18.7254901961,
174,6.76470588235,7.54901960784,7.74509803922,6.76470588235,6.76470588235,6.96078431373,6.76470588235,19.3137254902,
175,18.6274509804,18.6274509804,18.6274509804,18.6274509804,18.6274509804,18.4313725490,12.3529411765,18.4313725490,
176,2.35294117647,2.35294117647,2.35294117647,2.35294117647,2.35294117647,2.74509803922,2.35294117647,2.35294117647,
177,0.0980392156863,3.23529411765,3.23529411765,9.70588235294,3.23529411765,3.23529411765,3.23529411765,3.62745098039,
178,2.94117647059,15.4901960784,2.94117647059,15.4901960784,5.58823529412,5.68627450980,2.94117647059,2.94117647059,
179,5.68627450980,6.17647058824,6.07843137255,6.07843137255,6.07843137255,9.21568627451,4.50980392157,2.54901960784,
180,15.0,15.0,15.0,15.0,2.45098039216,14.9019607843,21.2745098039,15.0,
181,16.6666666667,4.60784313725,4.60784313725,4.60784313725,4.60784313725,4.60784313725,4.60784313725,4.60784313725,
182,19.9019607843,20.0980392157,18.9215686275,7.15686274510,19.9019607843,20.0980392157,13.4313725490,7.05882352941,
183,23.6274509804,23.5294117647,23.5294117647,24.8039215686,20.7843137255,11.2745098039,17.3529411765,23.6274509804,
184,7.25490196078,0.980392156863,13.5294117647,0.980392156863,0.980392156863,0.196078431373,0.980392156863,0.980392156863,
185,13.5294117647,19.8039215686,19.8039215686,19.9019607843,20.1960784314,19.8039215686,19.8039215686,13.5294117647,
186,3.52941176471,9.41176470588,9.41176470588,19.2156862745,9.41176470588,21.9607843137,9.41176470588,18.8235294118,
187,9.11764705882,12.0588235294,8.92156862745,3.03921568627,9.31372549020,9.31372549020,11.6666666667,11.6666666667,
188,18.5294117647,5.98039215686,3.62745098039,6.17647058824,12.2549019608,5.98039215686,5.98039215686,5.98039215686,
189,23.2352941176,13.8235294118,16.9607843137,17.1568627451,15.7843137255,16.9607843137,16.9607843137,16.9607843137,
190,2.94117647059,2.94117647059,2.94117647059,15.0980392157,2.94117647059,1.37254901961,2.94117647059,3.03921568627,
191,18.1372549020,10.6862745098,9.50980392157,0.196078431373,19.0196078431,0.196078431373,12.0588235294,15.4901960784,
192,21.9607843137,17.1568627451,25.0,3.72549019608,22.0588235294,14.6078431373,12.8431372549,5.88235294118,
193,7.15686274510,23.4313725490,12.1568627451,24.2156862745,21.6666666667,19.4117647059,7.45098039216,22.7450980392,
194,2.74509803922,12.3529411765,11.2745098039,1.37254901961,1.37254901961,2.25490196078,24.7058823529,14.1176470588,
195,5.09803921569,1.66666666667,7.35294117647,16.2745098039,6.27450980392,6.37254901961,11.5686274510,5.19607843137,
196,13.8235294118,4.11764705882,24.7058823529,23.7254901961,20.1960784314,1.17647058824,21.5686274510,9.50980392157,
197,7.35294117647,19.8039215686,21.8627450980,12.5490196078,17.3529411765,12.5490196078,7.74509803922,9.80392156863,
198,24.1176470588,19.8039215686,5.29411764706,10.7843137255,15.1960784314,10.7843137255,13.4313725490,19.6078431373,
199,14.3137254902,5.98039215686,5.39215686275,5.29411764706,4.11764705882,12.7450980392,0.392156862745,1.07843137255,

Population fitness value 
0,0
1,0
2,0
3,0
4,0
5,0
6,0
7,0
8,0
9,0
10,0
11,0
12,0
13,0
14,0
15,0
16,0
17,0
18,0
19,0
20,0
21,0
22,0
23,0
24,0
25,0
26,0
27,0
28,0
29,0
30,0
31,0
32,0
33,0
34,0
35,0
36,0
37,0
38,0
39,0
40,0
41,0
42,0
43,0
44,0
45,0
46,0
47,0
48,0
49,0
50,0
51,0
52,0
53,0
54,0
55,0
56,0
57,0
58,0
59,0
60,0
61,0
62,0
63,0
64,0
65,0
66,0
67,0
68,0
69,0
70,0
71,0
72,0
73,0
74,0
75,0
76,0
77,0
78,0
79,0
80,0
81,0
82,0
83,0
84,0
85,0
86,0
87,0
88,0
89,0
90,0
91,0
92,0
93,0
94,0
95,0
96,0
97,0
98,0
99,0
100,0
101,0
102,0
103,0
104,0
105,0
106,0
107,0
108,0
109,0
110,0
111,0
112,0
113,0
114,0
115,0
116,0
117,0
118,0
119,0
120,0
121,0
122,0
123,0
124,0
125,0
126,0
127,0
128,0
129,0
130,0
131,0
132,0
133,0
134,0
135,0
136,0
137,0
138,0
139,0
140,0
141,0
142,0
143,0
144,0
145,0
146,0
147,0
148,0
149,0
150,0
151,0
152,0
153,0
154,0
155,0
156,0
157,0
158,0
159,0
160,0
161,0
162,0
163,0
164,0
165,0
166,0
167,0
168,0
169,0
170,0
171,0
172,0
173,0
174,0
175,0
176,0
177,0
178,0
179,0
180,0
181,0
182,0
183,0
184,0
185,0
186,0
187,0
188,0
189,0
190,0
191,0
192,0
193,0
194,0
195,0
196,0
197,0
198,0
199,0


