Generation 
24

Number of individuals per generation
200

Population scaled variables 
0,20.3921568627,23.5294117647,20.3921568627,23.5294117647,20.3921568627,10.9803921569,20.4901960784,20.3921568627,
1,12.1568627451,11.3725490196,12.1568627451,12.1568627451,12.1568627451,12.1568627451,12.1568627451,12.1568627451,
2,22.7450980392,16.8627450980,22.7450980392,22.7450980392,22.7450980392,22.8431372549,22.7450980392,22.7450980392,
3,3.23529411765,3.23529411765,3.23529411765,3.23529411765,3.52941176471,0.0980392156863,3.23529411765,3.13725490196,
4,23.5294117647,15.6862745098,17.2549019608,23.5294117647,17.4509803922,23.9215686275,17.6470588235,17.2549019608,
5,19.5098039216,5.39215686275,2.25490196078,2.25490196078,1.86274509804,8.52941176471,2.25490196078,8.13725490196,
6,18.4313725490,5.49019607843,18.4313725490,5.88235294118,18.4313725490,21.5686274510,14.9019607843,18.4313725490,
7,13.6274509804,22.8431372549,7.15686274510,19.6078431373,21.2745098039,23.0392156863,21.2745098039,13.4313725490,
8,0.686274509804,0.686274509804,0.686274509804,0.490196078431,1.47058823529,6.96078431373,3.82352941176,0.686274509804,
9,10.4901960784,6.56862745098,3.43137254902,9.60784313725,6.56862745098,9.70588235294,9.70588235294,9.70588235294,
10,8.43137254902,8.43137254902,6.86274509804,6.86274509804,8.43137254902,11.2745098039,2.15686274510,8.43137254902,
11,9.60784313725,9.41176470588,6.27450980392,9.41176470588,21.9607843137,9.41176470588,9.41176470588,9.41176470588,
12,12.9411764706,12.5490196078,16.0784313725,12.9411764706,12.9411764706,12.9411764706,12.9411764706,12.9411764706,
13,13.8235294118,20.0980392157,20.0980392157,21.6666666667,19.3137254902,22.4509803922,20.0980392157,24.8039215686,
14,22.1568627451,21.9607843137,22.1568627451,15.6862745098,21.9607843137,23.5294117647,22.7450980392,21.9607843137,
15,0.0980392156863,0.0980392156863,9.50980392157,1.66666666667,0.0980392156863,0.0980392156863,0.0980392156863,0.0980392156863,
16,7.35294117647,20.2941176471,7.35294117647,19.9019607843,7.35294117647,19.9019607843,7.35294117647,7.25490196078,
17,6.96078431373,8.52941176471,8.43137254902,8.52941176471,8.13725490196,8.43137254902,8.52941176471,8.33333333333,
18,20.4901960784,23.8235294118,23.8235294118,23.6274509804,23.8235294118,20.6862745098,23.8235294118,23.8235294118,
19,7.25490196078,10.3921568627,10.3921568627,10.3921568627,10.1960784314,24.5098039216,10.3921568627,10.7843137255,
20,8.92156862745,8.72549019608,4.01960784314,8.72549019608,8.92156862745,8.72549019608,8.72549019608,8.72549019608,
21,22.1568627451,22.1568627451,22.0588235294,22.1568627451,22.1568627451,22.9411764706,22.1568627451,21.9607843137,
22,19.9019607843,20.2941176471,13.6274509804,7.35294117647,19.9019607843,10.3921568627,23.0392156863,19.9019607843,
23,6.56862745098,6.56862745098,10.0980392157,6.56862745098,6.56862745098,6.56862745098,0.294117647059,6.56862745098,
24,9.31372549020,9.31372549020,9.31372549020,25.0,12.4509803922,9.31372549020,9.31372549020,9.31372549020,
25,22.6470588235,19.5098039216,19.5098039216,19.5098039216,21.0784313725,19.5098039216,19.2156862745,20.2941176471,
26,12.4509803922,12.2549019608,6.17647058824,24.2156862745,12.4509803922,12.4509803922,12.4509803922,12.2549019608,
27,0.686274509804,0.686274509804,0.686274509804,0.294117647059,0.686274509804,6.96078431373,0.294117647059,0.686274509804,
28,22.1568627451,16.6666666667,3.33333333333,15.8823529412,15.8823529412,0.196078431373,3.33333333333,15.8823529412,
29,3.43137254902,0.294117647059,15.9803921569,0.294117647059,3.43137254902,3.82352941176,4.60784313725,3.43137254902,
30,21.4705882353,21.0784313725,9.31372549020,20.2941176471,21.4705882353,15.5882352941,21.8627450980,21.8627450980,
31,3.62745098039,0.490196078431,0.490196078431,0.490196078431,6.66666666667,0.490196078431,0.490196078431,0.490196078431,
32,18.9215686275,18.9215686275,6.56862745098,18.9215686275,12.8431372549,18.9215686275,18.9215686275,18.9215686275,
33,6.47058823529,6.96078431373,6.56862745098,6.56862745098,9.70588235294,6.37254901961,6.56862745098,7.35294117647,
34,16.4705882353,13.3333333333,15.8823529412,15.8823529412,16.4705882353,16.6666666667,16.4705882353,16.6666666667,
35,13.6274509804,13.6274509804,13.6274509804,13.6274509804,1.07843137255,13.6274509804,13.6274509804,13.6274509804,
36,8.62745098039,9.01960784314,9.01960784314,9.01960784314,9.01960784314,9.01960784314,9.21568627451,9.01960784314,
37,16.2745098039,19.3137254902,22.4509803922,10.0980392157,22.4509803922,16.1764705882,9.90196078431,19.3137254902,
38,12.6470588235,14.2156862745,14.2156862745,12.5490196078,12.6470588235,13.0392156863,18.9215686275,13.0392156863,
39,12.1568627451,9.01960784314,9.01960784314,2.74509803922,9.01960784314,9.01960784314,9.01960784314,7.45098039216,
40,19.6078431373,19.6078431373,19.7058823529,19.6078431373,19.6078431373,21.1764705882,19.6078431373,19.6078431373,
41,11.6666666667,10.8823529412,11.6666666667,8.43137254902,11.6666666667,5.39215686275,11.6666666667,10.8823529412,
42,12.4509803922,12.2549019608,24.8039215686,24.8039215686,24.8039215686,24.8039215686,24.8039215686,24.8039215686,
43,4.31372549020,1.17647058824,16.8627450980,16.8627450980,16.4705882353,22.7450980392,13.7254901961,16.8627450980,
44,21.1764705882,21.3725490196,21.3725490196,21.3725490196,8.82352941176,14.9019607843,21.3725490196,21.5686274510,
45,8.82352941176,8.82352941176,8.82352941176,8.03921568627,9.21568627451,8.82352941176,8.82352941176,24.5098039216,
46,17.0588235294,17.0588235294,16.4705882353,17.0588235294,18.6274509804,16.8627450980,17.1568627451,6.07843137255,
47,10.8823529412,7.74509803922,6.56862745098,20.2941176471,7.74509803922,7.64705882353,20.2941176471,10.8823529412,
48,20.1960784314,12.1568627451,11.5686274510,9.21568627451,9.21568627451,9.21568627451,9.21568627451,9.21568627451,
49,13.7254901961,13.3333333333,19.6078431373,13.3333333333,13.7254901961,13.3333333333,13.3333333333,13.3333333333,
50,11.6666666667,11.2745098039,11.2745098039,11.2745098039,8.13725490196,11.2745098039,5.0,11.6666666667,
51,15.5882352941,14.8039215686,21.0784313725,14.8039215686,14.8039215686,15.5882352941,14.8039215686,14.8039215686,
52,21.4705882353,9.31372549020,9.31372549020,9.31372549020,9.11764705882,8.13725490196,9.21568627451,9.11764705882,
53,12.4509803922,6.07843137255,9.31372549020,12.4509803922,12.4509803922,12.4509803922,10.8823529412,12.4509803922,
54,3.92156862745,3.92156862745,3.92156862745,3.13725490196,3.92156862745,10.1960784314,3.92156862745,4.01960784314,
55,9.41176470588,3.13725490196,11.3725490196,9.60784313725,9.41176470588,9.60784313725,6.27450980392,3.13725490196,
56,11.0784313725,11.0784313725,23.6274509804,10.9803921569,11.8627450980,10.9803921569,10.9803921569,11.0784313725,
57,22.4509803922,19.3137254902,22.4509803922,23.2352941176,16.1764705882,22.4509803922,16.1764705882,23.2352941176,
58,6.37254901961,0.0980392156863,0.0980392156863,2.35294117647,6.37254901961,0.0980392156863,0.0980392156863,0.0980392156863,
59,12.8431372549,17.4509803922,16.6666666667,12.5490196078,15.8823529412,15.8823529412,15.8823529412,15.8823529412,
60,4.90196078431,4.90196078431,1.76470588235,4.70588235294,3.33333333333,5.68627450980,5.29411764706,4.70588235294,
61,23.6274509804,18.3333333333,15.1960784314,15.1960784314,18.7254901961,18.3333333333,15.0980392157,18.2352941176,
62,12.9411764706,6.66666666667,9.80392156863,6.66666666667,6.66666666667,1.17647058824,6.66666666667,8.23529411765,
63,9.70588235294,3.82352941176,3.13725490196,6.56862745098,9.70588235294,10.0980392157,9.60784313725,11.2745098039,
64,19.6078431373,19.4117647059,20.1960784314,19.4117647059,19.4117647059,20.9803921569,20.1960784314,19.4117647059,
65,18.2352941176,23.7254901961,4.90196078431,17.4509803922,17.4509803922,17.5490196078,14.3137254902,23.7254901961,
66,21.9607843137,15.8823529412,21.9607843137,21.9607843137,21.9607843137,21.9607843137,9.41176470588,21.9607843137,
67,19.2156862745,6.66666666667,0.392156862745,6.66666666667,6.66666666667,7.45098039216,6.66666666667,6.66666666667,
68,7.64705882353,20.0,7.64705882353,7.64705882353,7.64705882353,9.01960784314,7.64705882353,7.64705882353,
69,1.47058823529,1.47058823529,13.2352941176,0.490196078431,1.27450980392,1.47058823529,1.47058823529,1.47058823529,
70,5.29411764706,5.39215686275,5.29411764706,4.90196078431,5.29411764706,5.29411764706,5.09803921569,5.29411764706,
71,1.86274509804,2.25490196078,2.25490196078,2.25490196078,14.8039215686,3.03921568627,5.39215686275,15.5882352941,
72,9.31372549020,8.52941176471,8.33333333333,8.52941176471,8.33333333333,24.2156862745,8.33333333333,8.52941176471,
73,20.4901960784,20.3921568627,20.4901960784,20.8823529412,21.2745098039,20.4901960784,19.7058823529,20.4901960784,
74,11.9607843137,12.3529411765,10.3921568627,10.7843137255,12.3529411765,12.3529411765,12.3529411765,12.3529411765,
75,3.92156862745,3.13725490196,9.50980392157,9.50980392157,9.41176470588,0.294117647059,9.50980392157,9.50980392157,
76,0.980392156863,4.11764705882,13.5294117647,0.196078431373,1.76470588235,1.76470588235,0.196078431373,0.196078431373,
77,9.41176470588,9.80392156863,18.8235294118,21.9607843137,18.8235294118,6.66666666667,19.0196078431,9.41176470588,
78,8.52941176471,2.25490196078,8.52941176471,2.05882352941,8.52941176471,6.96078431373,8.52941176471,8.52941176471,
79,22.2549019608,23.0392156863,22.2549019608,23.8235294118,22.2549019608,19.1176470588,22.6470588235,6.56862745098,
80,7.64705882353,0.588235294118,1.37254901961,0.588235294118,13.1372549020,0.686274509804,0.588235294118,0.196078431373,
81,21.9607843137,22.0588235294,22.8431372549,22.8431372549,22.7450980392,22.8431372549,10.2941176471,22.8431372549,
82,23.0392156863,23.0392156863,19.9019607843,23.4313725490,19.9019607843,23.0392156863,19.9019607843,23.0392156863,
83,7.64705882353,6.86274509804,6.86274509804,6.86274509804,6.86274509804,6.86274509804,6.86274509804,6.86274509804,
84,19.0196078431,23.7254901961,17.8431372549,23.7254901961,23.7254901961,23.7254901961,17.2549019608,23.5294117647,
85,14.8039215686,14.4117647059,14.8039215686,15.5882352941,14.8039215686,21.0784313725,8.33333333333,5.39215686275,
86,8.13725490196,6.56862745098,1.86274509804,9.70588235294,6.56862745098,0.588235294118,6.56862745098,6.96078431373,
87,11.2745098039,11.2745098039,9.70588235294,5.0,11.2745098039,11.2745098039,23.7254901961,11.2745098039,
88,17.1568627451,17.1568627451,16.3725490196,17.1568627451,17.1568627451,23.4313725490,4.21568627451,17.1568627451,
89,1.96078431373,2.05882352941,1.96078431373,1.96078431373,9.01960784314,14.5098039216,1.96078431373,20.7843137255,
90,13.4313725490,13.4313725490,13.4313725490,13.4313725490,13.4313725490,0.882352941176,13.6274509804,13.4313725490,
91,17.7450980392,17.3529411765,3.23529411765,17.3529411765,4.80392156863,17.3529411765,17.5490196078,17.3529411765,
92,5.58823529412,4.80392156863,8.72549019608,18.1372549020,5.58823529412,10.2941176471,5.58823529412,5.58823529412,
93,16.7647058824,16.7647058824,16.4705882353,23.0392156863,16.7647058824,16.7647058824,16.7647058824,23.0392156863,
94,17.2549019608,14.6078431373,14.2156862745,14.2156862745,20.4901960784,14.2156862745,20.4901960784,14.2156862745,
95,17.4509803922,15.8823529412,17.2549019608,17.5490196078,17.4509803922,14.3137254902,17.4509803922,17.6470588235,
96,7.84313725490,7.84313725490,7.84313725490,7.84313725490,8.03921568627,7.84313725490,0.196078431373,8.03921568627,
97,7.74509803922,7.74509803922,7.74509803922,7.74509803922,7.54901960784,7.74509803922,9.31372549020,1.47058823529,
98,24.6078431373,24.6078431373,24.4117647059,23.8235294118,25.0,11.8627450980,24.6078431373,24.6078431373,
99,9.21568627451,9.21568627451,9.21568627451,9.31372549020,9.21568627451,3.03921568627,21.7647058824,7.64705882353,
100,0.686274509804,1.47058823529,1.47058823529,1.47058823529,0.686274509804,1.47058823529,4.60784313725,3.03921568627,
101,5.19607843137,5.98039215686,5.98039215686,5.78431372549,12.2549019608,5.98039215686,12.2549019608,5.98039215686,
102,22.2549019608,22.0588235294,22.0588235294,22.0588235294,22.2549019608,22.0588235294,22.0588235294,22.0588235294,
103,17.5490196078,17.3529411765,14.4117647059,17.5490196078,17.5490196078,5.0,17.5490196078,17.3529411765,
104,5.98039215686,4.01960784314,4.41176470588,4.01960784314,10.2941176471,4.01960784314,4.21568627451,4.01960784314,
105,20.5882352941,7.84313725490,21.6666666667,20.3921568627,20.3921568627,19.6078431373,20.3921568627,8.23529411765,
106,21.3725490196,15.0980392157,21.3725490196,21.3725490196,21.1764705882,21.3725490196,21.3725490196,21.3725490196,
107,6.37254901961,6.37254901961,6.37254901961,0.0980392156863,6.37254901961,6.37254901961,6.37254901961,18.8235294118,
108,15.8823529412,3.33333333333,15.8823529412,17.4509803922,22.1568627451,15.8823529412,15.8823529412,15.8823529412,
109,21.5686274510,21.5686274510,21.5686274510,21.5686274510,21.5686274510,9.01960784314,21.5686274510,21.1764705882,
110,8.52941176471,8.52941176471,8.52941176471,8.52941176471,8.52941176471,8.23529411765,8.52941176471,8.52941176471,
111,9.50980392157,9.50980392157,9.50980392157,9.41176470588,22.0588235294,9.50980392157,11.0784313725,9.50980392157,
112,8.52941176471,11.4705882353,9.31372549020,6.86274509804,8.52941176471,8.52941176471,3.03921568627,8.43137254902,
113,6.96078431373,11.6666666667,8.52941176471,21.0784313725,21.0784313725,8.52941176471,8.52941176471,21.8627450980,
114,12.0588235294,4.21568627451,4.21568627451,4.21568627451,4.21568627451,10.4901960784,4.21568627451,10.4901960784,
115,15.7843137255,15.9803921569,15.7843137255,16.5686274510,15.6862745098,15.9803921569,12.6470588235,16.0784313725,
116,11.9607843137,5.49019607843,5.68627450980,5.68627450980,6.07843137255,2.54901960784,5.68627450980,2.54901960784,
117,22.2549019608,22.2549019608,22.2549019608,23.0392156863,22.2549019608,22.6470588235,22.6470588235,22.2549019608,
118,18.0392156863,18.0392156863,18.0392156863,2.35294117647,16.5686274510,17.2549019608,23.5294117647,18.0392156863,
119,16.8627450980,16.8627450980,4.31372549020,16.8627450980,16.8627450980,16.8627450980,16.9607843137,17.0588235294,
120,20.0980392157,20.0980392157,20.0980392157,20.2941176471,23.2352941176,20.0980392157,21.6666666667,19.6078431373,
121,20.0980392157,22.0588235294,12.6470588235,20.4901960784,18.9215686275,18.9215686275,21.0784313725,18.9215686275,
122,18.7254901961,17.1568627451,18.7254901961,18.7254901961,18.7254901961,23.4313725490,24.8039215686,17.1568627451,
123,12.8431372549,15.9803921569,15.8823529412,15.9803921569,16.7647058824,16.3725490196,15.9803921569,16.7647058824,
124,0.588235294118,5.39215686275,16.3725490196,0.294117647059,3.82352941176,3.82352941176,3.82352941176,3.82352941176,
125,18.0392156863,24.3137254902,18.0392156863,18.0392156863,18.0392156863,5.49019607843,18.0392156863,24.3137254902,
126,0.490196078431,0.490196078431,0.0980392156863,13.0392156863,0.490196078431,0.392156862745,0.490196078431,0.490196078431,
127,12.9411764706,12.9411764706,12.9411764706,12.9411764706,12.7450980392,13.0392156863,0.392156862745,12.9411764706,
128,12.9411764706,12.9411764706,12.5490196078,22.3529411765,12.9411764706,14.5098039216,12.9411764706,12.9411764706,
129,19.5098039216,19.5098039216,19.5098039216,19.5098039216,19.5098039216,20.2941176471,19.5098039216,19.5098039216,
130,18.9215686275,22.0588235294,15.7843137255,22.0588235294,22.0588235294,22.8431372549,22.0588235294,22.0588235294,
131,23.3333333333,22.9411764706,23.3333333333,23.3333333333,23.3333333333,23.3333333333,17.0588235294,23.3333333333,
132,8.33333333333,19.3137254902,19.3137254902,8.33333333333,6.76470588235,6.76470588235,6.76470588235,7.54901960784,
133,1.86274509804,0.294117647059,0.294117647059,1.07843137255,0.196078431373,0.294117647059,2.25490196078,0.294117647059,
134,4.80392156863,5.09803921569,5.0,4.80392156863,4.70588235294,4.80392156863,4.80392156863,4.80392156863,
135,24.4117647059,22.8431372549,22.2549019608,22.8431372549,22.8431372549,22.0588235294,22.8431372549,16.5686274510,
136,19.7058823529,19.7058823529,19.7058823529,19.7058823529,12.6470588235,20.0,19.7058823529,19.7058823529,
137,11.7647058824,10.1960784314,10.1960784314,8.62745098039,22.7450980392,10.1960784314,4.70588235294,10.3921568627,
138,17.6470588235,5.09803921569,17.6470588235,17.6470588235,17.6470588235,18.0392156863,17.6470588235,17.6470588235,
139,20.5882352941,14.7058823529,14.7058823529,14.7058823529,14.7058823529,15.2941176471,17.8431372549,14.7058823529,
140,18.9215686275,18.9215686275,21.6666666667,18.9215686275,18.9215686275,18.9215686275,18.9215686275,18.9215686275,
141,6.37254901961,6.56862745098,18.9215686275,6.37254901961,6.37254901961,6.37254901961,6.56862745098,6.37254901961,
142,5.19607843137,11.4705882353,5.19607843137,11.4705882353,24.0196078431,11.4705882353,11.4705882353,22.4509803922,
143,11.4705882353,11.4705882353,11.4705882353,11.4705882353,5.19607843137,24.0196078431,11.3725490196,7.94117647059,
144,5.19607843137,5.19607843137,5.19607843137,5.19607843137,5.19607843137,5.98039215686,5.19607843137,5.19607843137,
145,3.43137254902,17.5490196078,5.0,5.0,4.80392156863,5.0,4.90196078431,5.0,
146,8.03921568627,6.96078431373,8.92156862745,8.52941176471,8.52941176471,8.52941176471,8.52941176471,8.03921568627,
147,0.490196078431,0.882352941176,1.27450980392,0.490196078431,6.96078431373,0.490196078431,0.490196078431,0.490196078431,
148,19.5098039216,20.1960784314,19.5098039216,19.5098039216,19.0196078431,19.5098039216,19.5098039216,19.5098039216,
149,22.0588235294,22.0588235294,22.0588235294,22.0588235294,22.0588235294,16.1764705882,22.4509803922,22.0588235294,
150,15.7843137255,9.90196078431,10.0980392157,22.4509803922,9.90196078431,10.0980392157,0.490196078431,9.90196078431,
151,9.01960784314,8.23529411765,8.23529411765,7.84313725490,11.3725490196,20.7843137255,8.23529411765,8.23529411765,
152,18.1372549020,24.3137254902,17.2549019608,23.6274509804,17.3529411765,18.1372549020,18.1372549020,5.0,
153,5.19607843137,5.98039215686,5.98039215686,12.4509803922,5.98039215686,5.98039215686,1.27450980392,5.88235294118,
154,5.58823529412,11.8627450980,24.4117647059,22.8431372549,11.8627450980,23.5294117647,11.8627450980,11.8627450980,
155,18.1372549020,17.3529411765,18.5294117647,22.8431372549,24.4117647059,18.3333333333,24.4117647059,18.1372549020,
156,4.60784313725,4.21568627451,17.1568627451,24.6078431373,16.7647058824,23.0392156863,17.4509803922,16.7647058824,
157,2.84313725490,2.84313725490,5.88235294118,2.84313725490,2.84313725490,5.98039215686,1.27450980392,2.84313725490,
158,18.5294117647,18.1372549020,18.5294117647,15.3921568627,18.5294117647,18.5294117647,18.5294117647,18.7254901961,
159,12.1568627451,11.3725490196,11.3725490196,6.76470588235,11.3725490196,20.7843137255,11.3725490196,23.9215686275,
160,1.17647058824,13.7254901961,2.94117647059,13.4313725490,12.9411764706,13.7254901961,13.7254901961,13.9215686275,
161,7.64705882353,11.5686274510,12.3529411765,24.9019607843,12.3529411765,12.1568627451,9.21568627451,5.88235294118,
162,16.0784313725,21.9607843137,22.4509803922,22.3529411765,21.9607843137,23.9215686275,22.3529411765,22.3529411765,
163,13.8235294118,20.2941176471,13.4313725490,0.882352941176,12.6470588235,13.4313725490,13.4313725490,16.5686274510,
164,18.7254901961,25.0,22.6470588235,25.0,25.0,25.0,25.0,25.0,
165,12.9411764706,12.9411764706,16.0784313725,13.2352941176,12.9411764706,13.1372549020,0.392156862745,16.0784313725,
166,11.0784313725,17.2549019608,4.70588235294,1.66666666667,4.80392156863,4.80392156863,11.0784313725,5.58823529412,
167,10.2941176471,10.2941176471,10.1960784314,10.2941176471,10.2941176471,10.6862745098,12.0588235294,7.15686274510,
168,5.09803921569,5.09803921569,5.09803921569,5.09803921569,5.09803921569,5.09803921569,5.09803921569,17.6470588235,
169,9.31372549020,9.31372549020,9.31372549020,9.31372549020,9.31372549020,9.31372549020,9.31372549020,8.92156862745,
170,3.72549019608,0.294117647059,3.33333333333,15.8823529412,4.11764705882,3.33333333333,3.33333333333,3.33333333333,
171,3.23529411765,3.62745098039,16.1764705882,4.41176470588,16.1764705882,5.19607843137,3.62745098039,3.62745098039,
172,14.0196078431,15.1960784314,15.5882352941,13.2352941176,21.0784313725,14.7058823529,14.8039215686,21.0784313725,
173,24.7058823529,24.9019607843,12.3529411765,12.3529411765,24.7058823529,24.9019607843,23.3333333333,25.0,
174,15.5882352941,20.2941176471,21.8627450980,21.8627450980,8.52941176471,21.8627450980,21.8627450980,21.8627450980,
175,14.5098039216,13.7254901961,13.7254901961,19.3137254902,12.9411764706,12.9411764706,12.5490196078,12.9411764706,
176,24.7058823529,24.0196078431,24.8039215686,23.9215686275,24.0196078431,19.5098039216,24.0196078431,24.0196078431,
177,11.2745098039,11.2745098039,11.2745098039,11.2745098039,11.6666666667,11.2745098039,1.86274509804,11.2745098039,
178,1.47058823529,0.686274509804,4.60784313725,13.2352941176,1.27450980392,1.47058823529,1.47058823529,9.11764705882,
179,11.1764705882,4.90196078431,11.1764705882,11.1764705882,11.1764705882,11.1764705882,11.1764705882,11.1764705882,
180,9.01960784314,2.84313725490,2.74509803922,9.01960784314,9.01960784314,9.01960784314,9.01960784314,1.17647058824,
181,20.3921568627,20.3921568627,7.84313725490,20.3921568627,20.3921568627,19.0196078431,20.3921568627,18.8235294118,
182,3.13725490196,15.8823529412,22.1568627451,15.8823529412,15.8823529412,16.2745098039,15.9803921569,15.6862745098,
183,18.9215686275,3.23529411765,24.6078431373,22.2549019608,9.50980392157,22.0588235294,3.23529411765,23.6274509804,
184,21.0784313725,14.8039215686,21.0784313725,21.0784313725,21.0784313725,21.0784313725,24.2156862745,21.0784313725,
185,19.8039215686,19.8039215686,19.8039215686,19.8039215686,19.8039215686,19.8039215686,19.8039215686,19.8039215686,
186,16.8627450980,18.0392156863,1.17647058824,16.8627450980,16.8627450980,16.8627450980,16.8627450980,16.8627450980,
187,14.7058823529,16.2745098039,13.1372549020,13.1372549020,13.1372549020,12.7450980392,13.1372549020,13.1372549020,
188,4.11764705882,4.11764705882,4.11764705882,4.11764705882,4.11764705882,4.11764705882,4.11764705882,4.11764705882,
189,19.3137254902,19.3137254902,19.3137254902,19.3137254902,20.0980392157,19.3137254902,23.2352941176,20.8823529412,
190,22.8431372549,16.5686274510,16.9607843137,16.5686274510,16.9607843137,16.5686274510,16.7647058824,22.8431372549,
191,11.0784313725,20.0,13.7254901961,22.8431372549,13.7254901961,6.56862745098,12.9411764706,3.72549019608,
192,11.2745098039,15.4901960784,9.01960784314,22.4509803922,6.86274509804,1.07843137255,5.88235294118,13.9215686275,
193,22.0588235294,12.9411764706,7.25490196078,6.17647058824,9.70588235294,1.47058823529,7.15686274510,7.05882352941,
194,0.686274509804,10.0980392157,10.1960784314,12.5490196078,0.490196078431,9.01960784314,12.2549019608,21.8627450980,
195,22.4509803922,3.03921568627,2.54901960784,20.0980392157,14.9019607843,14.9019607843,5.78431372549,24.9019607843,
196,8.52941176471,11.3725490196,24.4117647059,8.33333333333,14.9019607843,4.60784313725,16.6666666667,5.88235294118,
197,15.8823529412,23.7254901961,24.5098039216,5.78431372549,20.4901960784,20.0980392157,1.47058823529,16.1764705882,
198,6.56862745098,0.294117647059,1.27450980392,24.9019607843,4.11764705882,9.21568627451,4.31372549020,14.1176470588,
199,20.3921568627,9.70588235294,13.3333333333,4.31372549020,0.294117647059,12.3529411765,22.2549019608,24.3137254902,

Population fitness value 
0,0
1,0
2,0
3,0
4,0
5,0
6,0
7,0
8,0
9,0
10,0
11,0
12,0
13,0
14,0
15,0
16,0
17,0
18,0
19,0
20,0
21,0
22,0
23,0
24,0
25,0
26,0
27,0
28,0
29,0
30,0
31,0
32,0
33,0
34,0
35,0
36,0
37,0
38,0
39,0
40,0
41,0
42,0
43,0
44,0
45,0
46,0
47,0
48,0
49,0
50,0
51,0
52,0
53,0
54,0
55,0
56,0
57,0
58,0
59,0
60,0
61,0
62,0
63,0
64,0
65,0
66,0
67,0
68,0
69,0
70,0
71,0
72,0
73,0
74,0
75,0
76,0
77,0
78,0
79,0
80,0
81,0
82,0
83,0
84,0
85,0
86,0
87,0
88,0
89,0
90,0
91,0
92,0
93,0
94,0
95,0
96,0
97,0
98,0
99,0
100,0
101,0
102,0
103,0
104,0
105,0
106,0
107,0
108,0
109,0
110,0
111,0
112,0
113,0
114,0
115,0
116,0
117,0
118,0
119,0
120,0
121,0
122,0
123,0
124,0
125,0
126,0
127,0
128,0
129,0
130,0
131,0
132,0
133,0
134,0
135,0
136,0
137,0
138,0
139,0
140,0
141,0
142,0
143,0
144,0
145,0
146,0
147,0
148,0
149,0
150,0
151,0
152,0
153,0
154,0
155,0
156,0
157,0
158,0
159,0
160,0
161,0
162,0
163,0
164,0
165,0
166,0
167,0
168,0
169,0
170,0
171,0
172,0
173,0
174,0
175,0
176,0
177,0
178,0
179,0
180,0
181,0
182,0
183,0
184,0
185,0
186,0
187,0
188,0
189,0
190,0
191,0
192,0
193,0
194,0
195,0
196,0
197,0
198,0
199,0


