Generation 
0

Number of individuals per generation
200

Population scaled variables 
0,17.5490196078,23.2352941176,20.4901960784,18.4313725490,15.5882352941,20.9803921569,7.05882352941,2.15686274510,
1,12.2549019608,10.6862745098,2.45098039216,4.01960784314,21.4705882353,23.0392156863,18.4313725490,15.6862745098,
2,17.1568627451,10.5882352941,5.29411764706,24.6078431373,12.2549019608,21.2745098039,17.5490196078,18.0392156863,
3,8.52941176471,6.47058823529,21.9607843137,19.6078431373,12.7450980392,6.37254901961,21.7647058824,22.2549019608,
4,5.29411764706,11.6666666667,11.3725490196,18.4313725490,3.43137254902,0.490196078431,5.98039215686,6.76470588235,
5,7.05882352941,11.3725490196,2.25490196078,3.43137254902,18.7254901961,22.4509803922,21.3725490196,22.5490196078,
6,20.3921568627,5.78431372549,20.6862745098,10.2941176471,0.588235294118,2.94117647059,12.2549019608,21.0784313725,
7,7.45098039216,6.76470588235,8.33333333333,17.4509803922,25.0,8.33333333333,23.5294117647,1.56862745098,
8,21.3725490196,22.5490196078,23.9215686275,9.41176470588,8.13725490196,20.0980392157,22.3529411765,5.19607843137,
9,23.0392156863,10.3921568627,12.5490196078,24.4117647059,11.5686274510,16.2745098039,23.4313725490,7.05882352941,
10,17.1568627451,8.52941176471,2.94117647059,6.47058823529,9.80392156863,4.60784313725,6.37254901961,6.66666666667,
11,22.4509803922,21.9607843137,10.8823529412,15.0,5.29411764706,4.90196078431,10.2941176471,24.2156862745,
12,1.66666666667,0.78431372549,1.37254901961,24.0196078431,3.92156862745,10.8823529412,6.86274509804,8.33333333333,
13,2.84313725490,6.47058823529,21.6666666667,15.3921568627,2.15686274510,13.6274509804,5.19607843137,18.9215686275,
14,19.7058823529,15.4901960784,13.3333333333,13.1372549020,6.47058823529,5.09803921569,6.47058823529,7.64705882353,
15,13.1372549020,18.7254901961,20.4901960784,7.25490196078,18.4313725490,5.78431372549,22.9411764706,13.9215686275,
16,16.0784313725,12.9411764706,5.29411764706,3.33333333333,2.45098039216,12.2549019608,2.35294117647,11.8627450980,
17,9.70588235294,5.49019607843,12.1568627451,17.7450980392,19.5098039216,18.1372549020,15.9803921569,2.15686274510,
18,21.8627450980,21.9607843137,22.4509803922,20.3921568627,19.5098039216,7.05882352941,6.17647058824,21.6666666667,
19,6.86274509804,1.76470588235,16.1764705882,0.0,14.0196078431,1.07843137255,23.8235294118,21.5686274510,
20,8.62745098039,21.1764705882,18.3333333333,18.0392156863,12.0588235294,20.1960784314,10.9803921569,11.7647058824,
21,13.4313725490,5.0,3.62745098039,3.33333333333,15.9803921569,20.2941176471,6.27450980392,15.7843137255,
22,17.0588235294,9.41176470588,0.588235294118,24.6078431373,14.8039215686,5.49019607843,1.66666666667,16.1764705882,
23,2.25490196078,6.07843137255,18.5294117647,16.0784313725,5.29411764706,17.9411764706,0.294117647059,20.0980392157,
24,6.96078431373,23.4313725490,13.3333333333,2.25490196078,8.13725490196,2.35294117647,10.0,15.5882352941,
25,22.9411764706,23.3333333333,11.8627450980,13.8235294118,14.8039215686,19.7058823529,22.3529411765,14.4117647059,
26,10.9803921569,12.2549019608,22.4509803922,14.5098039216,18.9215686275,9.11764705882,11.7647058824,0.490196078431,
27,15.9803921569,12.0588235294,2.15686274510,6.07843137255,21.8627450980,18.9215686275,19.4117647059,16.4705882353,
28,12.1568627451,25.0,13.5294117647,12.8431372549,17.2549019608,19.6078431373,11.2745098039,23.4313725490,
29,0.0980392156863,18.0392156863,14.4117647059,20.7843137255,15.2941176471,12.3529411765,21.7647058824,12.7450980392,
30,3.52941176471,16.0784313725,14.0196078431,0.0980392156863,20.8823529412,8.43137254902,12.1568627451,19.6078431373,
31,10.4901960784,15.3921568627,9.31372549020,23.2352941176,20.9803921569,9.01960784314,17.7450980392,7.74509803922,
32,0.0980392156863,8.33333333333,13.2352941176,2.54901960784,13.5294117647,16.7647058824,13.9215686275,1.56862745098,
33,12.1568627451,0.686274509804,7.84313725490,3.92156862745,19.7058823529,21.2745098039,1.96078431373,16.2745098039,
34,8.33333333333,7.74509803922,15.1960784314,7.54901960784,3.92156862745,21.1764705882,23.4313725490,6.86274509804,
35,24.5098039216,24.1176470588,15.1960784314,20.9803921569,5.19607843137,6.27450980392,18.5294117647,0.196078431373,
36,9.50980392157,12.5490196078,5.0,15.3921568627,10.0,24.6078431373,23.6274509804,4.50980392157,
37,4.11764705882,20.6862745098,16.0784313725,11.1764705882,23.5294117647,4.01960784314,11.1764705882,5.09803921569,
38,23.6274509804,11.5686274510,18.3333333333,24.8039215686,18.1372549020,13.5294117647,19.6078431373,1.37254901961,
39,12.5490196078,18.6274509804,23.0392156863,12.8431372549,15.9803921569,15.3921568627,21.7647058824,7.15686274510,
40,11.2745098039,0.0,16.2745098039,16.6666666667,24.5098039216,18.2352941176,0.392156862745,5.19607843137,
41,0.686274509804,21.7647058824,18.3333333333,13.7254901961,8.23529411765,1.66666666667,2.35294117647,14.7058823529,
42,14.6078431373,0.588235294118,15.0980392157,20.7843137255,8.62745098039,23.5294117647,5.49019607843,13.7254901961,
43,10.4901960784,15.0980392157,15.6862745098,5.19607843137,3.03921568627,3.23529411765,19.7058823529,18.3333333333,
44,14.2156862745,20.7843137255,3.82352941176,0.588235294118,24.2156862745,4.21568627451,23.3333333333,15.0980392157,
45,10.2941176471,21.7647058824,2.15686274510,2.05882352941,18.6274509804,8.43137254902,11.4705882353,12.1568627451,
46,17.5490196078,21.1764705882,8.52941176471,2.64705882353,11.1764705882,13.8235294118,13.2352941176,9.21568627451,
47,21.3725490196,18.1372549020,18.5294117647,9.11764705882,14.1176470588,19.5098039216,16.9607843137,8.52941176471,
48,1.17647058824,12.0588235294,5.49019607843,6.86274509804,21.3725490196,8.52941176471,20.6862745098,16.8627450980,
49,22.2549019608,22.8431372549,8.13725490196,9.41176470588,20.3921568627,19.3137254902,2.15686274510,15.5882352941,
50,21.0784313725,3.13725490196,4.11764705882,5.58823529412,15.0,18.6274509804,20.0,15.0980392157,
51,10.2941176471,16.2745098039,6.47058823529,14.8039215686,14.1176470588,11.8627450980,14.9019607843,20.5882352941,
52,18.9215686275,5.09803921569,0.294117647059,19.7058823529,0.0,14.3137254902,14.8039215686,23.4313725490,
53,16.7647058824,6.86274509804,8.33333333333,21.1764705882,9.80392156863,9.90196078431,7.05882352941,15.5882352941,
54,19.3137254902,21.1764705882,14.8039215686,21.9607843137,4.01960784314,4.90196078431,23.8235294118,23.5294117647,
55,6.76470588235,14.5098039216,14.4117647059,22.0588235294,24.9019607843,1.37254901961,4.50980392157,15.3921568627,
56,24.9019607843,19.0196078431,11.7647058824,1.66666666667,7.54901960784,14.7058823529,3.23529411765,13.7254901961,
57,20.5882352941,19.0196078431,3.43137254902,5.78431372549,21.3725490196,20.0980392157,10.5882352941,3.13725490196,
58,11.2745098039,17.1568627451,9.90196078431,19.4117647059,11.4705882353,0.294117647059,5.78431372549,5.19607843137,
59,13.2352941176,9.90196078431,6.07843137255,7.45098039216,18.0392156863,9.50980392157,11.9607843137,24.3137254902,
60,15.1960784314,16.8627450980,3.82352941176,2.64705882353,22.3529411765,16.6666666667,9.60784313725,13.3333333333,
61,4.01960784314,10.4901960784,12.1568627451,5.68627450980,23.6274509804,1.17647058824,5.0,0.294117647059,
62,20.6862745098,4.21568627451,10.3921568627,21.2745098039,12.2549019608,19.8039215686,14.0196078431,20.1960784314,
63,8.03921568627,9.90196078431,22.6470588235,24.5098039216,9.80392156863,19.3137254902,5.09803921569,24.7058823529,
64,5.39215686275,1.27450980392,21.4705882353,21.8627450980,6.96078431373,17.0588235294,6.96078431373,20.8823529412,
65,3.13725490196,22.8431372549,10.5882352941,11.3725490196,5.29411764706,7.15686274510,18.1372549020,13.0392156863,
66,1.96078431373,16.5686274510,12.3529411765,20.5882352941,17.1568627451,18.5294117647,19.5098039216,21.9607843137,
67,12.9411764706,18.2352941176,20.1960784314,12.3529411765,7.94117647059,14.5098039216,21.6666666667,16.2745098039,
68,14.2156862745,10.1960784314,5.68627450980,21.7647058824,2.94117647059,23.9215686275,10.3921568627,15.4901960784,
69,2.45098039216,5.68627450980,2.05882352941,11.4705882353,15.8823529412,11.8627450980,22.7450980392,24.6078431373,
70,4.70588235294,2.15686274510,10.3921568627,24.8039215686,15.5882352941,19.3137254902,3.92156862745,8.92156862745,
71,12.4509803922,16.7647058824,2.35294117647,14.3137254902,4.41176470588,17.1568627451,14.5098039216,7.05882352941,
72,21.8627450980,8.13725490196,25.0,2.25490196078,16.9607843137,24.5098039216,16.7647058824,5.0,
73,1.07843137255,6.27450980392,16.2745098039,13.1372549020,3.82352941176,9.90196078431,3.52941176471,7.64705882353,
74,21.5686274510,14.2156862745,23.7254901961,10.0980392157,19.7058823529,2.15686274510,3.72549019608,8.62745098039,
75,2.35294117647,2.35294117647,10.1960784314,2.64705882353,9.41176470588,2.64705882353,18.9215686275,24.9019607843,
76,19.8039215686,11.3725490196,21.1764705882,7.64705882353,13.5294117647,23.4313725490,19.1176470588,23.0392156863,
77,10.1960784314,16.5686274510,7.35294117647,13.9215686275,4.01960784314,6.66666666667,18.7254901961,20.4901960784,
78,10.9803921569,2.45098039216,18.3333333333,2.64705882353,17.6470588235,23.9215686275,3.92156862745,1.17647058824,
79,22.4509803922,18.9215686275,15.9803921569,23.0392156863,12.3529411765,20.0,19.1176470588,10.5882352941,
80,4.31372549020,17.3529411765,23.6274509804,11.4705882353,1.76470588235,18.9215686275,15.0980392157,15.1960784314,
81,23.3333333333,18.7254901961,2.25490196078,14.8039215686,16.0784313725,12.9411764706,7.15686274510,2.94117647059,
82,13.3333333333,0.0,17.4509803922,9.50980392157,0.392156862745,22.4509803922,14.4117647059,14.8039215686,
83,10.8823529412,16.4705882353,18.3333333333,2.94117647059,7.05882352941,13.4313725490,17.9411764706,17.3529411765,
84,14.4117647059,16.6666666667,23.4313725490,18.2352941176,4.21568627451,21.0784313725,21.5686274510,11.5686274510,
85,0.490196078431,6.37254901961,9.60784313725,23.1372549020,0.392156862745,22.4509803922,8.43137254902,13.5294117647,
86,10.0980392157,2.35294117647,19.0196078431,19.3137254902,12.1568627451,17.0588235294,21.6666666667,5.0,
87,3.13725490196,12.6470588235,20.4901960784,1.96078431373,5.0,24.4117647059,24.0196078431,17.6470588235,
88,0.490196078431,0.490196078431,8.43137254902,4.31372549020,7.25490196078,4.41176470588,2.15686274510,16.5686274510,
89,24.5098039216,4.31372549020,12.2549019608,20.7843137255,13.8235294118,5.19607843137,22.0588235294,12.6470588235,
90,21.9607843137,10.1960784314,7.54901960784,4.41176470588,2.15686274510,8.43137254902,24.3137254902,16.6666666667,
91,21.3725490196,6.66666666667,10.3921568627,5.0,0.0,2.64705882353,20.0980392157,15.7843137255,
92,17.1568627451,24.2156862745,8.13725490196,10.0980392157,24.2156862745,6.27450980392,10.1960784314,4.31372549020,
93,19.8039215686,22.5490196078,12.7450980392,11.2745098039,19.1176470588,11.5686274510,15.8823529412,12.3529411765,
94,6.86274509804,13.0392156863,12.8431372549,13.9215686275,4.21568627451,2.84313725490,24.7058823529,24.6078431373,
95,4.60784313725,22.2549019608,18.6274509804,18.0392156863,16.0784313725,20.2941176471,10.5882352941,1.86274509804,
96,3.62745098039,0.196078431373,5.68627450980,15.4901960784,17.3529411765,8.03921568627,15.6862745098,22.7450980392,
97,10.3921568627,3.72549019608,18.4313725490,13.5294117647,18.7254901961,16.2745098039,13.1372549020,19.3137254902,
98,19.4117647059,4.80392156863,10.0980392157,15.8823529412,6.07843137255,20.6862745098,12.1568627451,1.76470588235,
99,16.3725490196,7.45098039216,2.15686274510,21.4705882353,21.7647058824,15.9803921569,5.39215686275,0.980392156863,
100,7.45098039216,17.1568627451,17.9411764706,21.2745098039,6.56862745098,24.1176470588,6.66666666667,8.72549019608,
101,15.3921568627,18.4313725490,20.6862745098,8.23529411765,9.70588235294,1.76470588235,24.5098039216,22.0588235294,
102,12.4509803922,5.58823529412,12.7450980392,16.5686274510,3.92156862745,10.2941176471,12.1568627451,8.23529411765,
103,17.8431372549,9.41176470588,23.3333333333,20.6862745098,15.7843137255,11.3725490196,6.86274509804,24.3137254902,
104,1.47058823529,2.25490196078,10.2941176471,16.7647058824,15.3921568627,11.7647058824,7.45098039216,18.4313725490,
105,12.9411764706,1.76470588235,16.3725490196,4.70588235294,1.56862745098,14.6078431373,11.9607843137,19.3137254902,
106,0.78431372549,1.76470588235,6.17647058824,23.9215686275,13.2352941176,22.9411764706,23.8235294118,11.1764705882,
107,4.90196078431,12.2549019608,0.490196078431,2.15686274510,18.0392156863,8.23529411765,3.62745098039,19.4117647059,
108,18.0392156863,9.01960784314,10.8823529412,15.0980392157,4.60784313725,22.9411764706,7.05882352941,4.21568627451,
109,23.5294117647,12.7450980392,2.94117647059,15.0,10.7843137255,14.9019607843,0.0980392156863,23.8235294118,
110,25.0,23.5294117647,11.5686274510,11.2745098039,4.11764705882,13.3333333333,18.4313725490,21.7647058824,
111,6.27450980392,15.0,2.25490196078,23.1372549020,18.2352941176,12.6470588235,6.76470588235,6.66666666667,
112,10.8823529412,1.76470588235,19.7058823529,15.7843137255,21.7647058824,8.03921568627,9.50980392157,20.4901960784,
113,9.50980392157,19.3137254902,15.5882352941,16.9607843137,18.8235294118,14.9019607843,6.27450980392,22.2549019608,
114,5.88235294118,7.54901960784,1.27450980392,21.8627450980,5.29411764706,0.490196078431,15.1960784314,4.21568627451,
115,21.2745098039,17.3529411765,20.8823529412,22.5490196078,12.9411764706,3.23529411765,10.4901960784,1.96078431373,
116,1.66666666667,6.47058823529,10.0,18.8235294118,15.6862745098,3.23529411765,19.0196078431,6.07843137255,
117,3.33333333333,22.7450980392,13.5294117647,8.92156862745,6.86274509804,1.37254901961,24.3137254902,0.686274509804,
118,16.5686274510,0.196078431373,19.9019607843,9.01960784314,22.2549019608,14.9019607843,19.7058823529,4.80392156863,
119,12.5490196078,19.2156862745,15.9803921569,17.7450980392,2.84313725490,19.7058823529,12.1568627451,5.58823529412,
120,4.70588235294,5.68627450980,19.1176470588,0.0980392156863,23.7254901961,12.8431372549,6.37254901961,3.23529411765,
121,1.96078431373,10.3921568627,19.8039215686,16.3725490196,2.84313725490,18.8235294118,17.8431372549,1.76470588235,
122,3.52941176471,3.23529411765,11.8627450980,5.29411764706,19.9019607843,19.9019607843,3.03921568627,8.92156862745,
123,14.9019607843,10.0,11.3725490196,1.76470588235,22.5490196078,15.4901960784,23.2352941176,1.96078431373,
124,4.41176470588,3.52941176471,14.1176470588,13.5294117647,24.3137254902,15.9803921569,18.6274509804,17.4509803922,
125,7.45098039216,4.31372549020,3.52941176471,0.0980392156863,17.5490196078,7.25490196078,7.15686274510,15.1960784314,
126,7.35294117647,15.2941176471,8.03921568627,8.23529411765,8.33333333333,12.4509803922,17.5490196078,21.9607843137,
127,10.0,13.7254901961,17.8431372549,8.43137254902,14.0196078431,10.0,14.3137254902,9.11764705882,
128,6.27450980392,18.2352941176,0.392156862745,12.3529411765,5.98039215686,12.8431372549,14.3137254902,4.21568627451,
129,16.0784313725,13.1372549020,23.6274509804,3.03921568627,10.5882352941,7.25490196078,2.05882352941,8.43137254902,
130,21.6666666667,21.2745098039,7.45098039216,22.3529411765,6.96078431373,20.7843137255,9.90196078431,8.13725490196,
131,0.78431372549,5.88235294118,15.0,18.9215686275,4.90196078431,4.41176470588,23.4313725490,11.7647058824,
132,18.5294117647,3.13725490196,2.54901960784,1.66666666667,15.4901960784,13.9215686275,7.54901960784,4.80392156863,
133,1.86274509804,21.5686274510,19.8039215686,13.4313725490,5.49019607843,4.31372549020,8.03921568627,8.92156862745,
134,2.74509803922,7.45098039216,1.66666666667,19.1176470588,20.6862745098,6.56862745098,6.37254901961,23.2352941176,
135,19.0196078431,16.5686274510,19.8039215686,8.13725490196,18.9215686275,1.86274509804,0.686274509804,7.64705882353,
136,22.0588235294,14.8039215686,23.1372549020,11.5686274510,24.5098039216,18.2352941176,23.7254901961,11.9607843137,
137,21.3725490196,0.294117647059,24.7058823529,9.70588235294,5.78431372549,0.392156862745,25.0,5.19607843137,
138,15.8823529412,4.11764705882,0.490196078431,4.50980392157,14.8039215686,8.23529411765,24.6078431373,24.9019607843,
139,19.8039215686,24.8039215686,9.70588235294,10.1960784314,13.9215686275,13.0392156863,20.6862745098,9.70588235294,
140,7.05882352941,13.1372549020,23.6274509804,4.31372549020,4.31372549020,14.3137254902,23.9215686275,15.7843137255,
141,16.0784313725,5.88235294118,4.50980392157,12.3529411765,11.4705882353,21.7647058824,19.4117647059,13.0392156863,
142,14.0196078431,15.1960784314,19.4117647059,3.23529411765,10.0980392157,11.5686274510,16.3725490196,0.882352941176,
143,14.5098039216,18.8235294118,5.68627450980,20.4901960784,14.1176470588,10.3921568627,18.5294117647,24.2156862745,
144,21.5686274510,10.7843137255,14.4117647059,4.21568627451,11.6666666667,7.25490196078,24.0196078431,0.686274509804,
145,7.54901960784,21.7647058824,2.84313725490,12.9411764706,7.54901960784,13.7254901961,18.7254901961,7.35294117647,
146,20.8823529412,10.2941176471,5.68627450980,3.13725490196,21.2745098039,15.8823529412,1.27450980392,10.0,
147,7.74509803922,15.2941176471,9.90196078431,4.90196078431,15.0,3.62745098039,7.35294117647,20.1960784314,
148,4.60784313725,20.9803921569,6.96078431373,22.9411764706,3.23529411765,12.9411764706,20.0,12.4509803922,
149,6.07843137255,14.3137254902,21.1764705882,12.2549019608,14.6078431373,11.1764705882,18.5294117647,17.1568627451,
150,12.4509803922,2.35294117647,17.2549019608,10.0,12.5490196078,15.5882352941,10.7843137255,7.54901960784,
151,10.5882352941,5.49019607843,9.70588235294,3.33333333333,7.25490196078,19.7058823529,21.2745098039,4.21568627451,
152,4.80392156863,16.3725490196,24.8039215686,18.9215686275,11.8627450980,13.2352941176,2.45098039216,1.47058823529,
153,2.35294117647,13.2352941176,14.3137254902,2.15686274510,12.9411764706,0.588235294118,5.19607843137,14.1176470588,
154,2.45098039216,18.3333333333,25.0,6.56862745098,11.8627450980,16.5686274510,19.4117647059,9.80392156863,
155,15.7843137255,3.62745098039,21.6666666667,24.5098039216,22.7450980392,23.6274509804,14.6078431373,16.8627450980,
156,12.6470588235,20.0,4.80392156863,6.56862745098,6.56862745098,17.8431372549,16.4705882353,18.8235294118,
157,4.31372549020,12.4509803922,17.4509803922,20.4901960784,8.82352941176,17.7450980392,7.45098039216,21.1764705882,
158,0.980392156863,20.8823529412,9.50980392157,20.5882352941,15.6862745098,2.05882352941,1.56862745098,21.1764705882,
159,6.96078431373,6.27450980392,16.8627450980,11.1764705882,0.196078431373,11.7647058824,17.8431372549,19.4117647059,
160,23.4313725490,3.72549019608,3.92156862745,23.9215686275,0.490196078431,7.64705882353,20.0980392157,3.13725490196,
161,0.0980392156863,5.98039215686,8.82352941176,17.6470588235,21.7647058824,2.05882352941,6.66666666667,22.6470588235,
162,1.07843137255,4.80392156863,23.9215686275,10.0,4.21568627451,8.33333333333,7.64705882353,16.8627450980,
163,23.5294117647,18.1372549020,10.1960784314,0.392156862745,2.35294117647,13.7254901961,16.0784313725,4.90196078431,
164,13.5294117647,15.9803921569,19.5098039216,23.9215686275,3.43137254902,18.2352941176,0.294117647059,6.76470588235,
165,3.82352941176,0.490196078431,22.3529411765,16.2745098039,20.0,5.19607843137,1.66666666667,4.21568627451,
166,5.19607843137,18.0392156863,4.11764705882,5.19607843137,20.8823529412,3.13725490196,3.62745098039,4.41176470588,
167,10.7843137255,0.980392156863,15.6862745098,24.5098039216,24.4117647059,3.52941176471,18.0392156863,15.1960784314,
168,5.19607843137,3.23529411765,11.5686274510,8.92156862745,19.8039215686,7.15686274510,19.8039215686,22.4509803922,
169,16.0784313725,12.3529411765,4.50980392157,24.8039215686,3.92156862745,10.4901960784,23.6274509804,20.6862745098,
170,16.9607843137,6.76470588235,16.7647058824,14.9019607843,23.8235294118,0.0,22.6470588235,13.9215686275,
171,9.41176470588,24.2156862745,25.0,15.4901960784,0.0980392156863,10.8823529412,17.0588235294,1.66666666667,
172,11.0784313725,3.92156862745,23.0392156863,8.72549019608,0.686274509804,13.7254901961,8.33333333333,12.5490196078,
173,24.9019607843,16.7647058824,12.6470588235,1.07843137255,6.07843137255,17.5490196078,5.39215686275,24.6078431373,
174,17.6470588235,17.5490196078,17.1568627451,13.1372549020,20.7843137255,15.7843137255,15.8823529412,14.4117647059,
175,19.4117647059,21.9607843137,22.3529411765,20.6862745098,23.3333333333,22.5490196078,11.9607843137,4.90196078431,
176,1.27450980392,5.19607843137,2.45098039216,16.9607843137,17.9411764706,2.25490196078,20.9803921569,10.9803921569,
177,10.0980392157,13.0392156863,1.17647058824,23.2352941176,23.3333333333,19.7058823529,13.9215686275,0.882352941176,
178,16.1764705882,2.64705882353,18.3333333333,15.6862745098,12.5490196078,3.33333333333,9.90196078431,9.31372549020,
179,17.1568627451,21.4705882353,19.3137254902,12.9411764706,16.4705882353,18.4313725490,17.7450980392,10.1960784314,
180,18.9215686275,22.7450980392,22.7450980392,7.15686274510,7.25490196078,13.3333333333,4.60784313725,15.3921568627,
181,22.6470588235,13.7254901961,13.1372549020,17.1568627451,0.196078431373,11.7647058824,13.9215686275,13.4313725490,
182,5.09803921569,20.0,7.94117647059,6.17647058824,5.49019607843,10.3921568627,6.47058823529,22.8431372549,
183,0.392156862745,16.2745098039,5.78431372549,0.490196078431,11.9607843137,0.0,8.92156862745,13.3333333333,
184,15.9803921569,9.21568627451,14.3137254902,9.70588235294,8.13725490196,1.56862745098,19.3137254902,3.23529411765,
185,9.70588235294,22.0588235294,14.6078431373,14.7058823529,16.1764705882,7.05882352941,5.39215686275,7.35294117647,
186,19.1176470588,18.9215686275,21.6666666667,11.5686274510,20.9803921569,8.72549019608,7.05882352941,16.7647058824,
187,12.3529411765,8.72549019608,12.8431372549,20.1960784314,8.43137254902,12.3529411765,19.2156862745,16.3725490196,
188,22.6470588235,23.5294117647,13.1372549020,7.74509803922,14.0196078431,23.4313725490,8.23529411765,12.7450980392,
189,4.31372549020,2.45098039216,15.3921568627,0.0,18.6274509804,22.7450980392,0.588235294118,8.03921568627,
190,8.72549019608,16.3725490196,6.86274509804,17.2549019608,17.5490196078,11.5686274510,1.96078431373,0.78431372549,
191,14.3137254902,5.98039215686,5.39215686275,5.29411764706,4.11764705882,12.7450980392,0.392156862745,1.07843137255,
192,24.1176470588,19.8039215686,5.29411764706,10.7843137255,15.1960784314,10.7843137255,13.4313725490,19.6078431373,
193,7.35294117647,19.8039215686,21.8627450980,12.5490196078,17.3529411765,12.5490196078,7.74509803922,9.80392156863,
194,13.8235294118,4.11764705882,24.7058823529,23.7254901961,20.1960784314,1.17647058824,21.5686274510,9.50980392157,
195,5.09803921569,1.66666666667,7.35294117647,16.2745098039,6.27450980392,6.37254901961,11.5686274510,5.19607843137,
196,2.74509803922,12.3529411765,11.2745098039,1.37254901961,1.37254901961,2.25490196078,24.7058823529,14.1176470588,
197,7.15686274510,23.4313725490,12.1568627451,24.2156862745,21.6666666667,19.4117647059,7.45098039216,22.7450980392,
198,21.9607843137,17.1568627451,25.0,3.72549019608,22.0588235294,14.6078431373,12.8431372549,5.88235294118,
199,18.1372549020,10.6862745098,9.50980392157,0.196078431373,19.0196078431,0.196078431373,12.0588235294,15.4901960784,

Population fitness value 
0,0
1,0
2,0
3,0
4,0
5,0
6,0
7,0
8,0
9,0
10,0
11,0
12,0
13,0
14,0
15,0
16,0
17,0
18,0
19,0
20,0
21,0
22,0
23,0
24,0
25,0
26,0
27,0
28,0
29,0
30,0
31,0
32,0
33,0
34,0
35,0
36,0
37,0
38,0
39,0
40,0
41,0
42,0
43,0
44,0
45,0
46,0
47,0
48,0
49,0
50,0
51,0
52,0
53,0
54,0
55,0
56,0
57,0
58,0
59,0
60,0
61,0
62,0
63,0
64,0
65,0
66,0
67,0
68,0
69,0
70,0
71,0
72,0
73,0
74,0
75,0
76,0
77,0
78,0
79,0
80,0
81,0
82,0
83,0
84,0
85,0
86,0
87,0
88,0
89,0
90,0
91,0
92,0
93,0
94,0
95,0
96,0
97,0
98,0
99,0
100,0
101,0
102,0
103,0
104,0
105,0
106,0
107,0
108,0
109,0
110,0
111,0
112,0
113,0
114,0
115,0
116,0
117,0
118,0
119,0
120,0
121,0
122,0
123,0
124,0
125,0
126,0
127,0
128,0
129,0
130,0
131,0
132,0
133,0
134,0
135,0
136,0
137,0
138,0
139,0
140,0
141,0
142,0
143,0
144,0
145,0
146,0
147,0
148,0
149,0
150,0
151,0
152,0
153,0
154,0
155,0
156,0
157,0
158,0
159,0
160,0
161,0
162,0
163,0
164,0
165,0
166,0
167,0
168,0
169,0
170,0
171,0
172,0
173,0
174,0
175,0
176,0
177,0
178,0
179,0
180,0
181,0
182,0
183,0
184,0
185,0
186,0
187,0
188,0
189,0
190,0
191,0
192,0
193,0
194,0
195,0
196,0
197,0
198,0
199,0


