Generation 
5

Number of individuals per generation
200

Population scaled variables 
0,2.15686274510,2.15686274510,2.15686274510,0.588235294118,2.15686274510,1.76470588235,2.15686274510,1.96078431373,
1,23.1372549020,19.2156862745,22.3529411765,22.3529411765,24.7058823529,22.3529411765,22.3529411765,22.3529411765,
2,17.2549019608,18.4313725490,18.4313725490,18.4313725490,18.4313725490,16.8627450980,18.5294117647,24.7058823529,
3,7.74509803922,3.03921568627,1.47058823529,10.0980392157,1.47058823529,1.47058823529,1.47058823529,1.47058823529,
4,9.01960784314,21.7647058824,9.21568627451,10.8823529412,9.21568627451,21.7647058824,2.74509803922,12.3529411765,
5,15.1960784314,15.1960784314,15.1960784314,15.1960784314,15.1960784314,15.1960784314,15.1960784314,15.1960784314,
6,5.39215686275,16.3725490196,17.9411764706,14.7058823529,17.9411764706,17.9411764706,2.25490196078,17.9411764706,
7,4.11764705882,0.980392156863,18.2352941176,4.11764705882,4.11764705882,4.21568627451,5.68627450980,4.11764705882,
8,21.3725490196,21.3725490196,24.5098039216,21.1764705882,21.3725490196,21.3725490196,19.8039215686,23.7254901961,
9,16.4705882353,16.5686274510,15.6862745098,18.0392156863,16.4705882353,16.5686274510,18.0392156863,13.3333333333,
10,0.0980392156863,0.882352941176,0.0980392156863,0.294117647059,0.0980392156863,4.01960784314,0.0,0.0980392156863,
11,10.6862745098,9.90196078431,10.7843137255,4.60784313725,10.8823529412,10.8823529412,10.8823529412,10.8823529412,
12,19.2156862745,18.8235294118,19.0196078431,22.1568627451,19.2156862745,18.8235294118,18.8235294118,18.8235294118,
13,2.74509803922,2.74509803922,2.74509803922,9.01960784314,15.2941176471,5.88235294118,9.01960784314,2.74509803922,
14,7.25490196078,21.3725490196,8.82352941176,8.82352941176,21.7647058824,21.3725490196,21.3725490196,21.3725490196,
15,0.490196078431,6.76470588235,3.82352941176,0.490196078431,0.490196078431,0.686274509804,13.0392156863,0.490196078431,
16,18.1372549020,15.7843137255,18.1372549020,24.8039215686,18.1372549020,5.88235294118,18.1372549020,18.3333333333,
17,15.9803921569,12.8431372549,15.9803921569,15.7843137255,16.3725490196,3.43137254902,15.9803921569,15.9803921569,
18,6.17647058824,6.17647058824,3.03921568627,6.17647058824,6.07843137255,5.98039215686,6.17647058824,5.98039215686,
19,1.27450980392,23.4313725490,21.6666666667,21.6666666667,20.0980392157,20.0980392157,20.0980392157,20.2941176471,
20,15.0,18.5294117647,17.4509803922,18.1372549020,16.5686274510,18.5294117647,18.1372549020,18.1372549020,
21,2.54901960784,5.68627450980,2.54901960784,15.0980392157,2.54901960784,2.54901960784,2.35294117647,8.82352941176,
22,23.0392156863,23.0392156863,19.9019607843,19.9019607843,4.11764705882,23.0392156863,23.0392156863,23.0392156863,
23,11.0784313725,23.6274509804,11.0784313725,23.8235294118,23.6274509804,23.6274509804,11.2745098039,23.6274509804,
24,23.6274509804,23.6274509804,17.5490196078,24.4117647059,23.6274509804,23.6274509804,23.6274509804,24.0196078431,
25,18.6274509804,13.9215686275,17.0588235294,13.9215686275,13.1372549020,13.9215686275,13.7254901961,13.9215686275,
26,24.0196078431,23.6274509804,5.58823529412,23.6274509804,23.6274509804,23.6274509804,20.4901960784,23.6274509804,
27,23.7254901961,23.7254901961,23.9215686275,23.7254901961,23.7254901961,23.7254901961,24.5098039216,11.9607843137,
28,17.2549019608,17.3529411765,17.4509803922,23.7254901961,17.2549019608,18.4313725490,23.5294117647,17.4509803922,
29,4.90196078431,17.4509803922,5.68627450980,4.90196078431,4.90196078431,17.4509803922,5.0,4.90196078431,
30,0.78431372549,0.78431372549,19.6078431373,3.92156862745,0.78431372549,0.78431372549,0.78431372549,1.17647058824,
31,15.7843137255,15.7843137255,17.2549019608,16.1764705882,15.8823529412,22.0588235294,15.9803921569,22.0588235294,
32,24.6078431373,18.3333333333,18.3333333333,5.0,18.3333333333,18.7254901961,16.7647058824,18.1372549020,
33,3.62745098039,16.1764705882,3.62745098039,3.62745098039,3.62745098039,0.392156862745,4.41176470588,3.62745098039,
34,10.3921568627,10.3921568627,11.9607843137,10.3921568627,10.3921568627,10.3921568627,10.3921568627,22.9411764706,
35,17.8431372549,17.8431372549,17.9411764706,17.4509803922,17.8431372549,5.29411764706,17.9411764706,17.8431372549,
36,14.2156862745,14.2156862745,1.66666666667,14.2156862745,14.4117647059,14.2156862745,20.4901960784,14.2156862745,
37,24.8039215686,24.4117647059,24.4117647059,24.4117647059,24.4117647059,24.4117647059,24.4117647059,18.1372549020,
38,15.6862745098,15.8823529412,0.196078431373,12.7450980392,12.7450980392,12.8431372549,0.196078431373,19.0196078431,
39,4.01960784314,5.58823529412,5.58823529412,12.2549019608,18.1372549020,5.58823529412,5.78431372549,5.58823529412,
40,20.0980392157,20.0980392157,20.0980392157,23.2352941176,13.8235294118,20.0980392157,20.0980392157,21.6666666667,
41,20.1960784314,21.7647058824,21.7647058824,21.7647058824,21.5686274510,21.0784313725,21.7647058824,21.7647058824,
42,16.6666666667,16.6666666667,16.6666666667,16.6666666667,13.5294117647,15.8823529412,22.9411764706,22.9411764706,
43,3.52941176471,5.09803921569,10.9803921569,5.09803921569,5.09803921569,4.70588235294,3.52941176471,4.90196078431,
44,14.5098039216,2.74509803922,2.74509803922,15.2941176471,2.74509803922,2.84313725490,2.35294117647,2.74509803922,
45,6.17647058824,12.2549019608,11.6666666667,12.3529411765,10.8823529412,10.8823529412,12.0588235294,12.4509803922,
46,19.7058823529,12.8431372549,19.5098039216,12.8431372549,0.294117647059,12.8431372549,12.8431372549,12.8431372549,
47,4.31372549020,3.23529411765,4.31372549020,10.5882352941,4.31372549020,3.13725490196,4.31372549020,10.1960784314,
48,12.5490196078,12.5490196078,12.5490196078,12.9411764706,12.5490196078,12.5490196078,16.0784313725,12.5490196078,
49,15.7843137255,15.7843137255,3.23529411765,16.1764705882,15.7843137255,15.7843137255,15.7843137255,23.6274509804,
50,0.0,0.0,0.0,0.0,0.0,0.392156862745,0.0,0.0,
51,14.2156862745,18.9215686275,14.2156862745,20.6862745098,14.1176470588,14.2156862745,14.2156862745,14.2156862745,
52,10.6862745098,10.6862745098,10.6862745098,10.8823529412,23.1372549020,12.2549019608,12.2549019608,10.6862745098,
53,21.3725490196,8.82352941176,8.82352941176,8.82352941176,8.82352941176,8.82352941176,8.82352941176,7.25490196078,
54,24.1176470588,24.1176470588,24.1176470588,24.1176470588,24.1176470588,21.7647058824,24.1176470588,23.9215686275,
55,22.2549019608,9.70588235294,22.4509803922,22.0588235294,22.0588235294,9.50980392157,22.0588235294,22.0588235294,
56,4.50980392157,3.13725490196,3.52941176471,0.392156862745,3.52941176471,4.31372549020,3.52941176471,0.392156862745,
57,19.7058823529,12.6470588235,12.6470588235,15.7843137255,12.6470588235,15.7843137255,12.6470588235,12.6470588235,
58,19.6078431373,19.6078431373,13.4313725490,19.6078431373,19.6078431373,19.6078431373,19.6078431373,7.05882352941,
59,8.03921568627,8.03921568627,20.3921568627,7.84313725490,8.03921568627,8.03921568627,8.03921568627,1.76470588235,
60,14.6078431373,14.6078431373,14.6078431373,2.05882352941,14.6078431373,14.6078431373,14.6078431373,14.6078431373,
61,6.27450980392,6.27450980392,6.27450980392,8.23529411765,6.27450980392,6.27450980392,6.27450980392,6.27450980392,
62,14.9019607843,18.0392156863,18.0392156863,18.0392156863,18.0392156863,18.1372549020,18.4313725490,18.0392156863,
63,13.1372549020,15.4901960784,13.9215686275,13.1372549020,13.1372549020,13.1372549020,12.7450980392,13.1372549020,
64,10.4901960784,10.4901960784,7.35294117647,23.4313725490,10.4901960784,10.4901960784,22.9411764706,10.4901960784,
65,17.4509803922,4.90196078431,17.4509803922,18.7254901961,17.4509803922,17.4509803922,17.8431372549,17.4509803922,
66,11.7647058824,22.7450980392,10.3921568627,11.7647058824,10.3921568627,16.5686274510,10.1960784314,11.7647058824,
67,23.4313725490,20.2941176471,7.74509803922,10.8823529412,23.4313725490,23.0392156863,23.4313725490,23.4313725490,
68,7.74509803922,8.52941176471,6.86274509804,8.52941176471,6.96078431373,6.96078431373,10.0,20.2941176471,
69,20.8823529412,20.7843137255,20.8823529412,20.7843137255,20.4901960784,23.5294117647,20.7843137255,20.7843137255,
70,5.98039215686,12.1568627451,12.1568627451,12.1568627451,9.01960784314,11.7647058824,11.5686274510,11.7647058824,
71,18.3333333333,18.1372549020,18.3333333333,18.2352941176,24.5098039216,18.3333333333,18.3333333333,18.3333333333,
72,6.27450980392,0.0,6.27450980392,6.27450980392,9.41176470588,20.3921568627,18.9215686275,6.27450980392,
73,25.0,25.0,24.9019607843,25.0,24.6078431373,25.0,24.8039215686,25.0,
74,11.9607843137,6.07843137255,24.9019607843,12.3529411765,12.3529411765,10.8823529412,12.3529411765,11.7647058824,
75,16.5686274510,16.4705882353,16.4705882353,16.5686274510,10.2941176471,15.7843137255,16.5686274510,22.8431372549,
76,16.9607843137,16.5686274510,22.8431372549,17.0588235294,16.9607843137,16.9607843137,18.5294117647,16.9607843137,
77,21.4705882353,15.1960784314,21.4705882353,15.0,15.0980392157,13.6274509804,15.1960784314,15.1960784314,
78,7.05882352941,7.05882352941,19.7058823529,8.72549019608,7.35294117647,7.15686274510,7.15686274510,7.05882352941,
79,9.41176470588,21.9607843137,18.8235294118,20.7843137255,22.1568627451,21.9607843137,22.1568627451,18.8235294118,
80,13.4313725490,13.3333333333,13.3333333333,13.5294117647,12.9411764706,18.8235294118,13.9215686275,13.3333333333,
81,15.1960784314,13.4313725490,16.5686274510,13.4313725490,0.882352941176,13.4313725490,13.4313725490,12.6470588235,
82,9.11764705882,9.11764705882,11.4705882353,8.33333333333,9.11764705882,12.2549019608,21.6666666667,8.33333333333,
83,9.90196078431,9.90196078431,9.50980392157,3.62745098039,10.6862745098,3.23529411765,9.90196078431,11.4705882353,
84,18.6274509804,15.8823529412,17.8431372549,17.8431372549,17.8431372549,22.6470588235,17.8431372549,17.8431372549,
85,4.70588235294,5.09803921569,5.29411764706,16.0784313725,5.09803921569,5.88235294118,5.09803921569,5.09803921569,
86,17.8431372549,18.6274509804,18.6274509804,18.6274509804,18.6274509804,18.6274509804,24.9019607843,18.6274509804,
87,16.5686274510,16.4705882353,16.7647058824,16.5686274510,18.5294117647,16.7647058824,16.5686274510,16.5686274510,
88,3.62745098039,3.62745098039,3.52941176471,4.31372549020,3.52941176471,0.392156862745,3.52941176471,4.41176470588,
89,19.7058823529,19.7058823529,21.1764705882,21.2745098039,19.7058823529,19.1176470588,22.8431372549,19.6078431373,
90,12.2549019608,21.5686274510,9.01960784314,9.01960784314,9.01960784314,9.01960784314,9.01960784314,9.01960784314,
91,19.6078431373,19.6078431373,19.6078431373,19.6078431373,19.6078431373,21.1764705882,19.6078431373,19.6078431373,
92,4.90196078431,3.43137254902,5.0,5.0,17.3529411765,5.39215686275,11.2745098039,4.80392156863,
93,18.9215686275,23.6274509804,11.0784313725,22.0588235294,17.3529411765,23.6274509804,23.6274509804,23.6274509804,
94,15.3921568627,15.1960784314,15.1960784314,15.3921568627,15.0,15.0,15.0,14.8039215686,
95,5.39215686275,2.25490196078,2.25490196078,2.25490196078,2.25490196078,2.25490196078,2.25490196078,2.25490196078,
96,17.3529411765,14.2156862745,17.3529411765,17.3529411765,18.0392156863,13.2352941176,22.0588235294,14.2156862745,
97,6.17647058824,5.98039215686,5.98039215686,6.17647058824,5.19607843137,5.98039215686,18.5294117647,5.98039215686,
98,23.3333333333,12.3529411765,12.1568627451,12.3529411765,11.9607843137,12.3529411765,12.3529411765,12.3529411765,
99,13.9215686275,13.9215686275,13.7254901961,13.7254901961,13.9215686275,13.9215686275,14.0196078431,13.9215686275,
100,14.4117647059,14.1176470588,14.4117647059,14.4117647059,14.4117647059,2.64705882353,14.4117647059,15.1960784314,
101,17.6470588235,22.3529411765,22.3529411765,22.5490196078,23.9215686275,22.3529411765,12.9411764706,16.8627450980,
102,4.41176470588,10.6862745098,12.2549019608,10.6862745098,10.6862745098,10.6862745098,10.6862745098,10.6862745098,
103,3.52941176471,0.0,3.52941176471,4.31372549020,3.52941176471,3.52941176471,16.0784313725,3.72549019608,
104,6.37254901961,6.27450980392,18.9215686275,0.0,6.47058823529,6.27450980392,18.8235294118,7.05882352941,
105,11.3725490196,12.1568627451,12.1568627451,24.7058823529,12.1568627451,12.1568627451,10.5882352941,12.1568627451,
106,1.76470588235,1.66666666667,0.0,1.56862745098,7.84313725490,0.0,1.56862745098,1.56862745098,
107,7.05882352941,7.05882352941,9.01960784314,10.2941176471,0.78431372549,7.05882352941,7.05882352941,7.45098039216,
108,7.84313725490,11.1764705882,3.72549019608,11.9607843137,23.7254901961,11.1764705882,10.9803921569,11.1764705882,
109,2.54901960784,0.980392156863,2.94117647059,2.54901960784,2.54901960784,2.54901960784,2.54901960784,5.68627450980,
110,8.13725490196,8.03921568627,8.13725490196,11.2745098039,8.13725490196,8.52941176471,8.13725490196,19.1176470588,
111,11.8627450980,11.8627450980,12.0588235294,12.0588235294,11.2745098039,8.92156862745,10.4901960784,11.2745098039,
112,24.3137254902,24.3137254902,21.2745098039,23.5294117647,24.4117647059,24.3137254902,24.3137254902,24.3137254902,
113,24.1176470588,24.2156862745,23.7254901961,24.1176470588,24.1176470588,24.7058823529,11.5686274510,24.1176470588,
114,3.72549019608,3.52941176471,3.52941176471,16.0784313725,7.64705882353,3.52941176471,3.52941176471,3.62745098039,
115,2.05882352941,5.09803921569,5.19607843137,1.56862745098,5.09803921569,4.70588235294,5.09803921569,4.70588235294,
116,8.03921568627,19.0196078431,7.84313725490,20.5882352941,20.5882352941,20.5882352941,20.5882352941,11.5686274510,
117,21.2745098039,16.9607843137,2.45098039216,22.8431372549,10.2941176471,22.7450980392,19.7058823529,22.8431372549,
118,8.52941176471,14.8039215686,1.86274509804,2.25490196078,2.25490196078,14.4117647059,2.25490196078,0.686274509804,
119,3.23529411765,3.23529411765,3.43137254902,3.23529411765,3.23529411765,3.23529411765,3.23529411765,3.23529411765,
120,13.5294117647,13.5294117647,13.5294117647,13.5294117647,13.5294117647,13.5294117647,1.07843137255,1.37254901961,
121,1.76470588235,12.7450980392,14.3137254902,12.7450980392,14.3137254902,14.1176470588,14.3137254902,1.76470588235,
122,10.2941176471,10.2941176471,10.2941176471,10.2941176471,10.6862745098,22.0588235294,10.2941176471,10.2941176471,
123,6.56862745098,6.56862745098,19.1176470588,8.13725490196,0.294117647059,19.1176470588,7.35294117647,8.13725490196,
124,24.1176470588,19.4117647059,19.4117647059,19.4117647059,19.4117647059,20.5882352941,19.4117647059,19.4117647059,
125,1.86274509804,3.03921568627,2.25490196078,1.86274509804,1.86274509804,1.76470588235,1.66666666667,0.0,
126,18.1372549020,16.9607843137,18.1372549020,18.1372549020,18.1372549020,15.0,18.1372549020,18.5294117647,
127,1.07843137255,1.07843137255,10.6862745098,1.07843137255,7.35294117647,7.35294117647,19.9019607843,7.15686274510,
128,12.2549019608,12.1568627451,12.1568627451,24.8039215686,12.2549019608,12.2549019608,11.4705882353,12.2549019608,
129,5.78431372549,10.4901960784,4.21568627451,4.21568627451,4.21568627451,4.21568627451,16.7647058824,4.21568627451,
130,6.37254901961,0.294117647059,6.37254901961,6.37254901961,0.0980392156863,7.84313725490,0.294117647059,0.0980392156863,
131,15.1960784314,15.1960784314,15.0,18.2352941176,15.1960784314,15.1960784314,15.3921568627,15.1960784314,
132,10.7843137255,22.1568627451,23.1372549020,23.3333333333,23.3333333333,23.3333333333,22.9411764706,22.5490196078,
133,11.6666666667,9.90196078431,10.0980392157,10.0980392157,10.8823529412,10.0,10.0980392157,10.0980392157,
134,7.35294117647,7.35294117647,7.25490196078,1.07843137255,0.980392156863,7.35294117647,10.4901960784,7.35294117647,
135,12.6470588235,13.0392156863,13.8235294118,13.8235294118,13.8235294118,13.8235294118,20.0980392157,13.7254901961,
136,6.96078431373,6.37254901961,6.76470588235,6.96078431373,0.490196078431,8.33333333333,6.76470588235,6.76470588235,
137,16.9607843137,16.1764705882,16.1764705882,13.0392156863,16.1764705882,16.1764705882,17.7450980392,16.0784313725,
138,14.0196078431,14.0196078431,17.1568627451,13.9215686275,14.0196078431,14.0196078431,20.2941176471,15.5882352941,
139,19.7058823529,19.6078431373,22.8431372549,22.8431372549,19.7058823529,19.7058823529,19.7058823529,19.7058823529,
140,12.6470588235,21.6666666667,20.8823529412,14.6078431373,20.8823529412,19.3137254902,19.3137254902,20.8823529412,
141,3.62745098039,1.27450980392,4.41176470588,4.41176470588,4.41176470588,4.01960784314,4.41176470588,3.13725490196,
142,12.3529411765,5.88235294118,5.88235294118,2.74509803922,5.88235294118,6.07843137255,5.88235294118,5.88235294118,
143,9.90196078431,9.80392156863,9.80392156863,9.80392156863,3.52941176471,11.3725490196,9.80392156863,9.80392156863,
144,16.4705882353,13.3333333333,12.5490196078,13.3333333333,19.6078431373,19.6078431373,12.5490196078,13.3333333333,
145,18.0392156863,21.1764705882,24.5098039216,24.5098039216,24.7058823529,24.3137254902,9.41176470588,24.3137254902,
146,21.6666666667,15.3921568627,13.8235294118,15.3921568627,24.8039215686,15.0,14.6078431373,15.3921568627,
147,4.31372549020,10.5882352941,10.5882352941,10.5882352941,10.5882352941,10.5882352941,20.0,10.6862745098,
148,2.64705882353,0.980392156863,1.07843137255,4.21568627451,1.07843137255,1.07843137255,1.07843137255,1.07843137255,
149,14.4117647059,14.3137254902,12.8431372549,14.4117647059,1.86274509804,12.8431372549,14.4117647059,14.4117647059,
150,3.13725490196,21.9607843137,15.6862745098,15.7843137255,22.3529411765,15.6862745098,15.6862745098,15.6862745098,
151,18.5294117647,18.4313725490,18.4313725490,18.6274509804,18.4313725490,18.4313725490,18.6274509804,18.5294117647,
152,3.03921568627,2.94117647059,15.4901960784,0.588235294118,15.4901960784,2.94117647059,2.94117647059,2.74509803922,
153,13.3333333333,18.0392156863,16.7647058824,4.31372549020,16.4705882353,16.4705882353,3.92156862745,16.4705882353,
154,11.8627450980,21.1764705882,8.72549019608,8.72549019608,2.45098039216,8.72549019608,8.62745098039,8.92156862745,
155,23.3333333333,23.3333333333,23.3333333333,24.5098039216,23.3333333333,23.3333333333,23.3333333333,17.0588235294,
156,5.29411764706,11.5686274510,5.29411764706,11.5686274510,11.5686274510,11.5686274510,23.8235294118,11.1764705882,
157,19.0196078431,19.0196078431,19.0196078431,19.0196078431,19.4117647059,12.7450980392,12.7450980392,18.9215686275,
158,2.94117647059,2.74509803922,2.94117647059,2.94117647059,6.07843137255,15.2941176471,2.94117647059,9.21568627451,
159,10.8823529412,10.8823529412,10.8823529412,10.8823529412,10.8823529412,12.4509803922,10.8823529412,10.8823529412,
160,15.8823529412,15.8823529412,15.8823529412,15.8823529412,15.8823529412,15.8823529412,22.1568627451,15.8823529412,
161,23.7254901961,18.2352941176,22.1568627451,23.8235294118,21.9607843137,23.7254901961,23.7254901961,23.7254901961,
162,23.6274509804,20.3921568627,23.5294117647,19.2156862745,23.5294117647,23.5294117647,10.9803921569,23.5294117647,
163,12.6470588235,14.2156862745,17.3529411765,14.2156862745,14.2156862745,18.9215686275,14.2156862745,15.0,
164,16.1764705882,24.7058823529,15.3921568627,21.6666666667,21.8627450980,21.6666666667,21.6666666667,20.0,
165,19.6078431373,13.3333333333,19.6078431373,22.7450980392,19.6078431373,21.1764705882,19.6078431373,19.6078431373,
166,15.0980392157,15.0980392157,18.2352941176,13.6274509804,0.980392156863,13.5294117647,15.0980392157,15.0980392157,
167,14.8039215686,13.0392156863,15.9803921569,13.2352941176,14.0196078431,13.2352941176,12.8431372549,12.8431372549,
168,10.4901960784,7.25490196078,7.25490196078,10.4901960784,7.35294117647,0.882352941176,7.35294117647,18.9215686275,
169,9.21568627451,2.54901960784,6.07843137255,2.84313725490,2.94117647059,2.15686274510,2.94117647059,2.94117647059,
170,5.68627450980,1.37254901961,12.3529411765,2.94117647059,6.07843137255,2.54901960784,2.94117647059,6.07843137255,
171,1.47058823529,4.50980392157,4.50980392157,4.50980392157,10.3921568627,4.50980392157,4.50980392157,4.11764705882,
172,8.33333333333,18.9215686275,6.37254901961,7.35294117647,6.37254901961,8.13725490196,6.37254901961,6.56862745098,
173,8.43137254902,11.5686274510,8.43137254902,8.03921568627,8.23529411765,11.5686274510,8.43137254902,8.43137254902,
174,1.76470588235,1.76470588235,1.86274509804,14.3137254902,0.196078431373,2.54901960784,1.76470588235,4.90196078431,
175,17.8431372549,24.1176470588,23.7254901961,24.1176470588,24.1176470588,23.9215686275,24.9019607843,17.8431372549,
176,11.4705882353,8.33333333333,3.52941176471,11.3725490196,5.19607843137,11.4705882353,11.3725490196,12.1568627451,
177,18.9215686275,6.37254901961,20.3921568627,18.9215686275,18.9215686275,20.4901960784,18.9215686275,18.9215686275,
178,8.03921568627,8.03921568627,8.03921568627,8.43137254902,20.3921568627,8.03921568627,8.82352941176,8.62745098039,
179,19.6078431373,19.6078431373,19.6078431373,19.6078431373,19.6078431373,7.05882352941,19.6078431373,19.6078431373,
180,22.8431372549,23.2352941176,22.8431372549,23.2352941176,23.2352941176,23.2352941176,22.8431372549,22.4509803922,
181,11.5686274510,11.5686274510,11.6666666667,11.5686274510,10.9803921569,20.9803921569,4.90196078431,11.1764705882,
182,18.1372549020,5.58823529412,5.78431372549,5.58823529412,5.58823529412,4.41176470588,5.58823529412,5.0,
183,0.196078431373,1.86274509804,0.294117647059,2.25490196078,1.47058823529,0.196078431373,0.294117647059,4.01960784314,
184,7.25490196078,19.0196078431,19.0196078431,19.8039215686,18.8235294118,19.5098039216,19.0196078431,20.3921568627,
185,17.0588235294,16.6666666667,18.6274509804,17.0588235294,16.8627450980,16.8627450980,17.0588235294,17.0588235294,
186,14.3137254902,14.4117647059,14.3137254902,14.3137254902,14.3137254902,14.3137254902,14.3137254902,20.5882352941,
187,15.5882352941,14.7058823529,14.7058823529,14.7058823529,14.7058823529,14.7058823529,13.1372549020,15.4901960784,
188,10.0,6.86274509804,6.86274509804,6.66666666667,6.96078431373,10.0,6.56862745098,6.86274509804,
189,5.39215686275,4.90196078431,6.07843137255,6.07843137255,6.07843137255,5.29411764706,5.29411764706,11.5686274510,
190,14.3137254902,12.8431372549,17.4509803922,1.76470588235,14.3137254902,14.3137254902,14.7058823529,14.3137254902,
191,18.1372549020,10.6862745098,9.50980392157,0.196078431373,19.0196078431,0.196078431373,12.0588235294,15.4901960784,
192,21.9607843137,17.1568627451,25.0,3.72549019608,22.0588235294,14.6078431373,12.8431372549,5.88235294118,
193,7.15686274510,23.4313725490,12.1568627451,24.2156862745,21.6666666667,19.4117647059,7.45098039216,22.7450980392,
194,2.74509803922,12.3529411765,11.2745098039,1.37254901961,1.37254901961,2.25490196078,24.7058823529,14.1176470588,
195,5.09803921569,1.66666666667,7.35294117647,16.2745098039,6.27450980392,6.37254901961,11.5686274510,5.19607843137,
196,13.8235294118,4.11764705882,24.7058823529,23.7254901961,20.1960784314,1.17647058824,21.5686274510,9.50980392157,
197,7.35294117647,19.8039215686,21.8627450980,12.5490196078,17.3529411765,12.5490196078,7.74509803922,9.80392156863,
198,24.1176470588,19.8039215686,5.29411764706,10.7843137255,15.1960784314,10.7843137255,13.4313725490,19.6078431373,
199,14.3137254902,5.98039215686,5.39215686275,5.29411764706,4.11764705882,12.7450980392,0.392156862745,1.07843137255,

Population fitness value 
0,0
1,0
2,0
3,0
4,0
5,0
6,0
7,0
8,0
9,0
10,0
11,0
12,0
13,0
14,0
15,0
16,0
17,0
18,0
19,0
20,0
21,0
22,0
23,0
24,0
25,0
26,0
27,0
28,0
29,0
30,0
31,0
32,0
33,0
34,0
35,0
36,0
37,0
38,0
39,0
40,0
41,0
42,0
43,0
44,0
45,0
46,0
47,0
48,0
49,0
50,0
51,0
52,0
53,0
54,0
55,0
56,0
57,0
58,0
59,0
60,0
61,0
62,0
63,0
64,0
65,0
66,0
67,0
68,0
69,0
70,0
71,0
72,0
73,0
74,0
75,0
76,0
77,0
78,0
79,0
80,0
81,0
82,0
83,0
84,0
85,0
86,0
87,0
88,0
89,0
90,0
91,0
92,0
93,0
94,0
95,0
96,0
97,0
98,0
99,0
100,0
101,0
102,0
103,0
104,0
105,0
106,0
107,0
108,0
109,0
110,0
111,0
112,0
113,0
114,0
115,0
116,0
117,0
118,0
119,0
120,0
121,0
122,0
123,0
124,0
125,0
126,0
127,0
128,0
129,0
130,0
131,0
132,0
133,0
134,0
135,0
136,0
137,0
138,0
139,0
140,0
141,0
142,0
143,0
144,0
145,0
146,0
147,0
148,0
149,0
150,0
151,0
152,0
153,0
154,0
155,0
156,0
157,0
158,0
159,0
160,0
161,0
162,0
163,0
164,0
165,0
166,0
167,0
168,0
169,0
170,0
171,0
172,0
173,0
174,0
175,0
176,0
177,0
178,0
179,0
180,0
181,0
182,0
183,0
184,0
185,0
186,0
187,0
188,0
189,0
190,0
191,0
192,0
193,0
194,0
195,0
196,0
197,0
198,0
199,0


