Generation 
32

Number of individuals per generation
200

Population scaled variables 
0,22.5490196078,23.4313725490,23.3333333333,20.1960784314,23.3333333333,23.3333333333,23.3333333333,23.3333333333,
1,10.0980392157,5.19607843137,22.2549019608,22.6470588235,22.6470588235,22.4509803922,19.5098039216,22.2549019608,
2,18.3333333333,18.3333333333,18.3333333333,18.3333333333,4.90196078431,18.3333333333,18.3333333333,18.3333333333,
3,8.23529411765,20.7843137255,8.23529411765,8.23529411765,8.23529411765,12.1568627451,8.23529411765,20.7843137255,
4,13.7254901961,13.8235294118,13.7254901961,13.3333333333,13.7254901961,13.7254901961,13.7254901961,13.7254901961,
5,11.7647058824,8.62745098039,11.7647058824,11.7647058824,10.9803921569,11.7647058824,11.7647058824,11.9607843137,
6,8.52941176471,8.52941176471,8.52941176471,8.52941176471,8.52941176471,8.52941176471,8.52941176471,6.96078431373,
7,8.82352941176,2.54901960784,8.82352941176,8.92156862745,7.25490196078,7.64705882353,7.25490196078,8.82352941176,
8,3.23529411765,3.23529411765,3.23529411765,4.80392156863,3.23529411765,3.23529411765,4.01960784314,3.23529411765,
9,17.7450980392,17.7450980392,5.98039215686,17.7450980392,14.6078431373,17.6470588235,17.7450980392,17.7450980392,
10,20.7843137255,7.84313725490,20.4901960784,20.3921568627,23.5294117647,20.3921568627,20.3921568627,20.3921568627,
11,15.0980392157,18.7254901961,18.5294117647,25.0,17.9411764706,18.7254901961,18.7254901961,18.7254901961,
12,10.6862745098,6.76470588235,6.76470588235,7.74509803922,7.74509803922,9.11764705882,7.15686274510,0.882352941176,
13,8.92156862745,8.92156862745,12.0588235294,8.92156862745,8.92156862745,8.43137254902,8.92156862745,8.82352941176,
14,15.8823529412,4.90196078431,5.29411764706,18.2352941176,4.70588235294,4.90196078431,4.90196078431,4.90196078431,
15,17.3529411765,14.2156862745,16.7647058824,18.1372549020,17.3529411765,17.3529411765,17.7450980392,17.3529411765,
16,19.4117647059,6.86274509804,19.4117647059,19.4117647059,19.4117647059,19.0196078431,19.4117647059,20.9803921569,
17,8.52941176471,2.25490196078,3.03921568627,14.8039215686,2.15686274510,2.15686274510,7.94117647059,1.86274509804,
18,3.92156862745,3.92156862745,3.92156862745,3.92156862745,3.92156862745,5.49019607843,3.92156862745,16.4705882353,
19,9.60784313725,22.1568627451,9.60784313725,9.60784313725,6.47058823529,9.60784313725,10.3921568627,6.47058823529,
20,6.96078431373,6.56862745098,6.56862745098,19.1176470588,19.9019607843,23.8235294118,6.37254901961,8.92156862745,
21,9.31372549020,21.8627450980,21.6666666667,21.8627450980,20.8823529412,15.5882352941,6.17647058824,25.0,
22,5.0,5.0,5.78431372549,5.0,5.0,11.2745098039,1.86274509804,3.82352941176,
23,3.82352941176,3.82352941176,0.686274509804,0.588235294118,3.43137254902,3.72549019608,10.0980392157,3.82352941176,
24,20.9803921569,8.43137254902,20.9803921569,8.43137254902,8.43137254902,8.43137254902,8.43137254902,8.43137254902,
25,0.686274509804,6.96078431373,10.0980392157,6.96078431373,6.96078431373,6.96078431373,6.76470588235,6.96078431373,
26,12.4509803922,4.21568627451,4.21568627451,2.64705882353,1.07843137255,3.43137254902,4.21568627451,4.21568627451,
27,17.2549019608,16.4705882353,15.6862745098,15.6862745098,3.23529411765,3.52941176471,15.6862745098,12.5490196078,
28,8.33333333333,7.94117647059,7.94117647059,8.23529411765,8.33333333333,2.05882352941,8.33333333333,5.19607843137,
29,22.6470588235,1.47058823529,1.47058823529,4.11764705882,1.47058823529,0.490196078431,4.60784313725,1.47058823529,
30,10.6862745098,10.6862745098,23.2352941176,7.54901960784,10.6862745098,10.6862745098,10.8823529412,10.6862745098,
31,5.88235294118,4.41176470588,4.31372549020,13.7254901961,4.31372549020,4.31372549020,4.31372549020,4.31372549020,
32,22.4509803922,22.4509803922,22.4509803922,22.4509803922,22.4509803922,23.4313725490,22.4509803922,22.4509803922,
33,16.1764705882,22.4509803922,22.0588235294,22.4509803922,22.6470588235,22.4509803922,22.4509803922,22.4509803922,
34,12.3529411765,12.3529411765,11.7647058824,8.43137254902,12.3529411765,11.9607843137,12.3529411765,9.21568627451,
35,12.4509803922,12.0588235294,24.6078431373,12.0588235294,12.0588235294,12.0588235294,12.0588235294,12.4509803922,
36,12.4509803922,24.9019607843,12.2549019608,12.4509803922,11.6666666667,10.8823529412,12.4509803922,11.6666666667,
37,23.0392156863,18.3333333333,16.6666666667,16.7647058824,16.7647058824,16.7647058824,16.7647058824,16.7647058824,
38,22.2549019608,22.2549019608,22.0588235294,23.8235294118,22.2549019608,22.2549019608,22.6470588235,3.43137254902,
39,16.0784313725,16.0784313725,16.0784313725,16.1764705882,12.9411764706,16.0784313725,16.0784313725,16.8627450980,
40,19.0196078431,19.0196078431,19.0196078431,19.4117647059,12.7450980392,19.0196078431,20.5882352941,19.0196078431,
41,14.7058823529,17.9411764706,17.9411764706,5.39215686275,14.4117647059,24.2156862745,17.9411764706,18.7254901961,
42,5.09803921569,11.4705882353,2.05882352941,5.09803921569,5.29411764706,11.3725490196,1.96078431373,5.19607843137,
43,12.8431372549,14.4117647059,12.8431372549,12.8431372549,0.294117647059,19.1176470588,19.1176470588,13.2352941176,
44,13.0392156863,15.3921568627,13.8235294118,13.8235294118,13.8235294118,13.8235294118,13.8235294118,13.8235294118,
45,12.8431372549,12.8431372549,12.8431372549,12.8431372549,12.8431372549,12.8431372549,14.4117647059,12.8431372549,
46,9.21568627451,9.11764705882,9.11764705882,9.31372549020,9.31372549020,9.21568627451,9.31372549020,12.4509803922,
47,22.9411764706,22.9411764706,22.9411764706,23.3333333333,10.3921568627,21.4705882353,22.1568627451,24.5098039216,
48,11.4705882353,8.33333333333,11.4705882353,6.76470588235,8.33333333333,8.33333333333,8.33333333333,8.33333333333,
49,1.66666666667,1.96078431373,14.2156862745,2.05882352941,14.6078431373,2.05882352941,2.05882352941,2.05882352941,
50,15.5882352941,21.8627450980,8.82352941176,21.8627450980,25.0,21.8627450980,25.0,21.8627450980,
51,9.70588235294,10.0980392157,9.70588235294,11.2745098039,9.70588235294,6.56862745098,9.70588235294,9.70588235294,
52,17.4509803922,11.1764705882,17.4509803922,20.5882352941,15.0980392157,17.2549019608,4.90196078431,17.4509803922,
53,22.2549019608,22.2549019608,22.0588235294,23.0392156863,22.2549019608,22.2549019608,19.1176470588,22.2549019608,
54,6.37254901961,0.0980392156863,6.37254901961,6.76470588235,7.15686274510,6.27450980392,7.94117647059,6.56862745098,
55,20.5882352941,8.03921568627,1.76470588235,8.03921568627,8.52941176471,8.13725490196,8.03921568627,7.25490196078,
56,0.0,0.0,3.92156862745,6.27450980392,0.0,0.0,0.0,18.8235294118,
57,9.80392156863,16.1764705882,9.80392156863,16.0784313725,23.1372549020,22.3529411765,9.80392156863,22.3529411765,
58,21.7647058824,14.9019607843,8.62745098039,20.1960784314,21.5686274510,13.9215686275,21.7647058824,15.4901960784,
59,24.1176470588,11.6666666667,23.7254901961,24.1176470588,23.7254901961,22.3529411765,24.1176470588,23.9215686275,
60,10.6862745098,10.5882352941,10.6862745098,10.6862745098,7.54901960784,10.6862745098,4.41176470588,10.6862745098,
61,23.9215686275,17.2549019608,1.96078431373,5.09803921569,5.09803921569,5.09803921569,5.09803921569,3.72549019608,
62,7.84313725490,8.62745098039,6.27450980392,6.27450980392,14.1176470588,21.2745098039,7.84313725490,8.23529411765,
63,11.2745098039,5.0,5.0,4.80392156863,5.0,1.76470588235,5.39215686275,5.0,
64,10.9803921569,4.90196078431,3.33333333333,17.4509803922,4.90196078431,4.90196078431,4.90196078431,5.0,
65,12.7450980392,2.54901960784,20.5882352941,21.3725490196,20.5882352941,19.4117647059,6.56862745098,20.5882352941,
66,15.3921568627,16.8627450980,13.8235294118,13.8235294118,13.8235294118,14.0196078431,13.8235294118,13.8235294118,
67,22.2549019608,23.8235294118,11.2745098039,23.8235294118,23.7254901961,23.8235294118,23.8235294118,23.8235294118,
68,11.8627450980,11.8627450980,8.72549019608,11.8627450980,18.0392156863,11.8627450980,10.2941176471,8.72549019608,
69,11.8627450980,11.8627450980,11.8627450980,12.0588235294,5.58823529412,8.72549019608,11.8627450980,11.7647058824,
70,1.27450980392,1.27450980392,13.7254901961,1.17647058824,7.45098039216,1.17647058824,0.392156862745,2.74509803922,
71,12.7450980392,12.5490196078,18.8235294118,0.0,12.6470588235,12.9411764706,0.392156862745,18.8235294118,
72,2.84313725490,2.05882352941,2.05882352941,17.7450980392,1.96078431373,2.05882352941,2.05882352941,2.84313725490,
73,23.7254901961,11.9607843137,23.7254901961,11.1764705882,23.7254901961,23.7254901961,20.9803921569,23.7254901961,
74,0.392156862745,1.17647058824,1.37254901961,1.27450980392,13.7254901961,1.17647058824,0.882352941176,1.37254901961,
75,22.1568627451,15.8823529412,23.7254901961,19.0196078431,3.33333333333,22.1568627451,22.1568627451,22.1568627451,
76,0.490196078431,0.490196078431,2.05882352941,0.392156862745,1.66666666667,0.490196078431,1.27450980392,0.490196078431,
77,10.1960784314,10.9803921569,9.41176470588,9.60784313725,3.13725490196,10.1960784314,9.41176470588,9.41176470588,
78,7.74509803922,6.76470588235,20.0980392157,7.54901960784,7.45098039216,7.74509803922,6.76470588235,7.54901960784,
79,5.78431372549,5.78431372549,18.3333333333,5.78431372549,5.78431372549,5.78431372549,5.78431372549,5.78431372549,
80,8.52941176471,2.25490196078,9.31372549020,21.0784313725,8.52941176471,3.03921568627,8.52941176471,9.31372549020,
81,12.8431372549,6.56862745098,6.56862745098,6.56862745098,6.56862745098,6.56862745098,9.70588235294,6.56862745098,
82,8.92156862745,8.72549019608,2.84313725490,21.2745098039,8.72549019608,9.11764705882,8.72549019608,8.72549019608,
83,3.72549019608,3.82352941176,4.60784313725,3.82352941176,3.82352941176,3.82352941176,0.490196078431,16.3725490196,
84,8.13725490196,6.56862745098,6.56862745098,6.56862745098,20.4901960784,6.56862745098,6.56862745098,6.56862745098,
85,2.35294117647,2.54901960784,2.54901960784,0.980392156863,3.03921568627,1.86274509804,15.0980392157,15.0980392157,
86,4.70588235294,1.96078431373,1.96078431373,2.74509803922,1.96078431373,1.96078431373,1.96078431373,1.96078431373,
87,22.4509803922,15.7843137255,22.0588235294,22.0588235294,22.4509803922,23.6274509804,22.0588235294,15.7843137255,
88,6.96078431373,6.76470588235,7.74509803922,6.96078431373,6.96078431373,6.96078431373,9.31372549020,6.96078431373,
89,6.47058823529,6.47058823529,6.47058823529,4.90196078431,7.25490196078,6.47058823529,6.47058823529,6.47058823529,
90,11.0784313725,7.94117647059,7.94117647059,7.94117647059,8.72549019608,7.94117647059,11.0784313725,1.66666666667,
91,15.8823529412,15.8823529412,21.9607843137,15.6862745098,4.11764705882,15.8823529412,15.8823529412,17.4509803922,
92,15.6862745098,17.2549019608,17.2549019608,15.6862745098,16.0784313725,15.6862745098,12.6470588235,15.6862745098,
93,13.4313725490,22.8431372549,15.7843137255,13.4313725490,16.5686274510,16.9607843137,16.5686274510,3.92156862745,
94,23.9215686275,20.3921568627,20.3921568627,20.3921568627,20.3921568627,14.1176470588,21.1764705882,20.3921568627,
95,5.98039215686,5.98039215686,5.98039215686,5.98039215686,5.98039215686,5.98039215686,5.98039215686,5.19607843137,
96,9.21568627451,9.21568627451,7.64705882353,8.43137254902,8.82352941176,9.21568627451,9.21568627451,8.82352941176,
97,3.92156862745,4.01960784314,4.01960784314,16.5686274510,0.882352941176,5.58823529412,4.01960784314,4.01960784314,
98,9.80392156863,3.52941176471,22.3529411765,9.80392156863,9.80392156863,11.3725490196,9.80392156863,3.52941176471,
99,8.62745098039,7.84313725490,8.82352941176,7.05882352941,8.82352941176,8.62745098039,8.62745098039,8.62745098039,
100,21.0784313725,22.6470588235,22.6470588235,22.6470588235,22.6470588235,22.6470588235,22.6470588235,10.0,
101,4.01960784314,9.50980392157,9.50980392157,9.50980392157,9.50980392157,9.50980392157,3.23529411765,9.50980392157,
102,16.0784313725,16.0784313725,16.1764705882,16.0784313725,16.0784313725,16.0784313725,16.0784313725,9.80392156863,
103,24.4117647059,24.4117647059,24.8039215686,24.3137254902,24.4117647059,24.4117647059,24.4117647059,24.4117647059,
104,21.1764705882,19.6078431373,21.1764705882,21.2745098039,21.1764705882,21.1764705882,21.2745098039,21.1764705882,
105,3.43137254902,0.686274509804,0.686274509804,1.37254901961,0.588235294118,6.96078431373,0.686274509804,0.686274509804,
106,17.7450980392,24.0196078431,14.6078431373,17.7450980392,17.7450980392,18.5294117647,17.7450980392,15.7843137255,
107,11.9607843137,11.9607843137,11.7647058824,11.9607843137,10.3921568627,11.9607843137,11.7647058824,4.90196078431,
108,20.4901960784,14.6078431373,18.9215686275,20.4901960784,12.8431372549,7.94117647059,20.4901960784,20.4901960784,
109,19.5098039216,19.5098039216,20.8823529412,19.5098039216,19.5098039216,13.0392156863,19.3137254902,19.5098039216,
110,9.31372549020,7.54901960784,7.74509803922,7.74509803922,9.31372549020,10.8823529412,20.2941176471,7.74509803922,
111,12.3529411765,17.1568627451,18.7254901961,18.3333333333,18.7254901961,18.7254901961,18.7254901961,18.7254901961,
112,0.0,1.56862745098,1.76470588235,4.80392156863,14.1176470588,1.56862745098,7.84313725490,1.56862745098,
113,19.1176470588,20.6862745098,19.1176470588,12.8431372549,19.1176470588,19.1176470588,20.2941176471,22.2549019608,
114,8.33333333333,6.76470588235,8.33333333333,8.23529411765,8.33333333333,6.76470588235,8.33333333333,8.33333333333,
115,7.94117647059,7.94117647059,8.13725490196,7.94117647059,7.94117647059,7.94117647059,8.72549019608,7.94117647059,
116,24.4117647059,21.2745098039,8.72549019608,24.6078431373,24.8039215686,24.4117647059,24.8039215686,24.4117647059,
117,23.5294117647,24.1176470588,23.9215686275,24.1176470588,23.5294117647,23.9215686275,23.9215686275,22.3529411765,
118,5.0,22.1568627451,22.1568627451,23.0392156863,9.70588235294,22.2549019608,10.0,23.8235294118,
119,2.45098039216,15.0,15.3921568627,13.4313725490,2.45098039216,21.2745098039,14.9019607843,15.0,
120,16.7647058824,13.6274509804,13.4313725490,15.1960784314,1.07843137255,15.0980392157,13.6274509804,13.6274509804,
121,21.1764705882,21.1764705882,21.1764705882,21.1764705882,21.3725490196,21.1764705882,21.1764705882,19.6078431373,
122,14.2156862745,14.2156862745,17.3529411765,14.2156862745,14.2156862745,1.66666666667,15.0,14.2156862745,
123,9.70588235294,6.56862745098,8.13725490196,8.13725490196,7.35294117647,6.37254901961,6.56862745098,0.294117647059,
124,15.3921568627,21.8627450980,15.3921568627,15.3921568627,15.3921568627,15.5882352941,15.3921568627,15.2941176471,
125,24.1176470588,11.3725490196,11.2745098039,8.43137254902,11.5686274510,24.1176470588,11.5686274510,12.3529411765,
126,21.6666666667,21.5686274510,21.5686274510,20.7843137255,9.01960784314,21.5686274510,15.3921568627,21.6666666667,
127,22.2549019608,23.8235294118,24.6078431373,20.4901960784,24.6078431373,23.8235294118,24.6078431373,23.7254901961,
128,7.74509803922,7.64705882353,7.54901960784,20.2941176471,7.74509803922,7.74509803922,7.74509803922,1.27450980392,
129,18.3333333333,24.5098039216,23.8235294118,15.1960784314,17.5490196078,18.3333333333,24.6078431373,18.2352941176,
130,19.2156862745,19.5098039216,19.3137254902,19.5098039216,6.96078431373,19.5098039216,19.5098039216,19.5098039216,
131,19.7058823529,18.9215686275,20.0980392157,20.4901960784,12.6470588235,6.37254901961,18.8235294118,18.9215686275,
132,20.3921568627,23.7254901961,20.5882352941,20.3921568627,23.6274509804,20.3921568627,20.4901960784,20.3921568627,
133,5.88235294118,18.4313725490,16.9607843137,18.4313725490,18.4313725490,16.8627450980,18.4313725490,17.8431372549,
134,16.2745098039,19.5098039216,22.3529411765,22.5490196078,22.5490196078,10.7843137255,22.5490196078,22.1568627451,
135,13.3333333333,13.4313725490,13.3333333333,13.5294117647,13.3333333333,12.6470588235,13.3333333333,19.6078431373,
136,11.2745098039,8.13725490196,8.92156862745,8.13725490196,8.13725490196,11.0784313725,8.13725490196,8.13725490196,
137,4.70588235294,4.70588235294,4.90196078431,10.9803921569,4.70588235294,17.2549019608,4.70588235294,11.0784313725,
138,11.9607843137,11.2745098039,11.2745098039,9.60784313725,11.2745098039,11.1764705882,9.70588235294,11.2745098039,
139,8.52941176471,20.8823529412,11.4705882353,20.8823529412,8.33333333333,8.33333333333,8.33333333333,8.33333333333,
140,24.5098039216,24.6078431373,24.5098039216,24.5098039216,24.7058823529,24.5098039216,22.9411764706,18.2352941176,
141,0.392156862745,6.66666666667,6.66666666667,9.80392156863,6.66666666667,19.2156862745,6.27450980392,6.66666666667,
142,5.29411764706,16.2745098039,16.2745098039,16.2745098039,3.33333333333,16.2745098039,0.588235294118,3.72549019608,
143,0.490196078431,2.05882352941,2.05882352941,2.05882352941,2.05882352941,2.05882352941,2.05882352941,2.84313725490,
144,15.1960784314,23.8235294118,21.0784313725,19.1176470588,20.6862745098,23.8235294118,20.6862745098,21.0784313725,
145,16.4705882353,16.6666666667,16.6666666667,18.2352941176,16.6666666667,16.6666666667,16.4705882353,16.6666666667,
146,23.5294117647,23.5294117647,23.5294117647,23.5294117647,20.3921568627,23.5294117647,23.5294117647,23.5294117647,
147,17.5490196078,23.8235294118,23.8235294118,24.6078431373,23.8235294118,23.8235294118,22.2549019608,23.8235294118,
148,5.68627450980,2.54901960784,5.68627450980,5.68627450980,11.7647058824,5.68627450980,18.2352941176,5.68627450980,
149,15.1960784314,18.1372549020,14.2156862745,14.2156862745,14.2156862745,14.5098039216,14.2156862745,14.2156862745,
150,11.2745098039,11.2745098039,10.0,11.2745098039,8.03921568627,11.2745098039,11.2745098039,11.1764705882,
151,3.72549019608,3.72549019608,3.72549019608,0.588235294118,3.72549019608,3.82352941176,3.72549019608,3.52941176471,
152,22.6470588235,10.0980392157,7.74509803922,10.8823529412,10.0980392157,10.0980392157,9.90196078431,10.8823529412,
153,2.05882352941,2.25490196078,1.96078431373,5.39215686275,2.25490196078,15.5882352941,2.25490196078,5.39215686275,
154,4.90196078431,5.68627450980,5.0,4.90196078431,4.90196078431,4.90196078431,4.90196078431,11.1764705882,
155,12.6470588235,18.9215686275,12.6470588235,14.6078431373,13.0392156863,13.0392156863,12.6470588235,12.6470588235,
156,24.5098039216,24.5098039216,24.5098039216,22.1568627451,24.5098039216,21.5686274510,11.9607843137,24.5098039216,
157,2.05882352941,11.4705882353,11.4705882353,11.4705882353,11.4705882353,11.4705882353,11.4705882353,11.4705882353,
158,1.27450980392,0.882352941176,1.27450980392,1.27450980392,1.27450980392,1.47058823529,1.27450980392,1.17647058824,
159,18.1372549020,24.4117647059,24.4117647059,10.2941176471,24.4117647059,21.2745098039,24.4117647059,21.2745098039,
160,14.8039215686,14.8039215686,13.0392156863,17.9411764706,21.0784313725,14.8039215686,14.6078431373,14.8039215686,
161,11.0784313725,11.0784313725,11.0784313725,11.0784313725,11.0784313725,11.0784313725,11.0784313725,11.0784313725,
162,0.196078431373,22.1568627451,0.196078431373,0.588235294118,6.56862745098,3.43137254902,6.47058823529,2.54901960784,
163,15.7843137255,12.6470588235,15.7843137255,16.9607843137,16.4705882353,15.7843137255,15.7843137255,15.7843137255,
164,15.5882352941,13.8235294118,14.0196078431,14.0196078431,15.5882352941,14.0196078431,20.1960784314,14.0196078431,
165,3.62745098039,3.62745098039,3.62745098039,3.62745098039,3.62745098039,16.1764705882,0.490196078431,3.62745098039,
166,20.0980392157,21.8627450980,20.0980392157,20.0980392157,21.6666666667,13.8235294118,20.0980392157,20.0980392157,
167,13.0392156863,9.90196078431,16.1764705882,17.7450980392,3.62745098039,16.1764705882,16.1764705882,16.1764705882,
168,21.6666666667,7.15686274510,19.7058823529,21.1764705882,21.2745098039,21.6666666667,21.4705882353,21.2745098039,
169,24.4117647059,24.4117647059,24.8039215686,18.5294117647,18.5294117647,18.5294117647,24.8039215686,21.6666666667,
170,20.5882352941,21.4705882353,20.5882352941,23.7254901961,20.5882352941,20.5882352941,20.5882352941,19.4117647059,
171,19.4117647059,13.1372549020,19.4117647059,6.86274509804,18.8235294118,19.2156862745,6.86274509804,6.96078431373,
172,19.1176470588,19.1176470588,19.1176470588,19.1176470588,0.294117647059,19.1176470588,19.1176470588,12.8431372549,
173,9.70588235294,4.21568627451,9.70588235294,9.70588235294,4.01960784314,11.2745098039,9.70588235294,9.70588235294,
174,23.8235294118,11.2745098039,11.2745098039,11.2745098039,23.8235294118,11.2745098039,11.2745098039,20.4901960784,
175,19.0196078431,22.1568627451,21.9607843137,22.1568627451,15.8823529412,22.1568627451,19.0196078431,22.1568627451,
176,10.0,10.0,10.0,10.0980392157,6.66666666667,11.5686274510,10.0,6.86274509804,
177,21.3725490196,1.76470588235,24.5098039216,21.3725490196,21.3725490196,20.5882352941,21.3725490196,21.3725490196,
178,24.0196078431,17.9411764706,24.2156862745,24.2156862745,21.0784313725,24.2156862745,23.8235294118,24.2156862745,
179,0.294117647059,6.96078431373,0.294117647059,0.294117647059,0.196078431373,0.294117647059,12.8431372549,0.294117647059,
180,17.2549019608,17.2549019608,17.2549019608,17.4509803922,17.3529411765,17.3529411765,15.6862745098,4.80392156863,
181,4.90196078431,3.33333333333,3.33333333333,3.43137254902,3.33333333333,3.33333333333,9.70588235294,4.11764705882,
182,21.9607843137,21.9607843137,21.9607843137,21.9607843137,22.0588235294,21.9607843137,21.9607843137,22.3529411765,
183,4.80392156863,4.80392156863,15.7843137255,4.80392156863,4.80392156863,4.80392156863,4.80392156863,3.13725490196,
184,22.3529411765,17.6470588235,17.6470588235,17.6470588235,17.6470588235,17.7450980392,17.6470588235,14.5098039216,
185,2.05882352941,3.03921568627,3.03921568627,6.17647058824,3.03921568627,3.03921568627,3.03921568627,2.94117647059,
186,8.13725490196,11.2745098039,5.0,11.2745098039,22.2549019608,11.2745098039,11.2745098039,11.6666666667,
187,8.52941176471,2.15686274510,2.25490196078,2.25490196078,2.25490196078,3.03921568627,1.86274509804,2.25490196078,
188,9.50980392157,7.15686274510,3.23529411765,9.70588235294,9.90196078431,9.50980392157,10.2941176471,9.50980392157,
189,22.8431372549,24.4117647059,24.8039215686,24.4117647059,24.4117647059,24.4117647059,11.8627450980,24.3137254902,
190,22.5490196078,19.3137254902,20.8823529412,19.3137254902,18.9215686275,19.2156862745,19.3137254902,19.3137254902,
191,11.0784313725,20.0,13.7254901961,22.8431372549,13.7254901961,6.56862745098,12.9411764706,3.72549019608,
192,11.2745098039,15.4901960784,9.01960784314,22.4509803922,6.86274509804,1.07843137255,5.88235294118,13.9215686275,
193,22.0588235294,12.9411764706,7.25490196078,6.17647058824,9.70588235294,1.47058823529,7.15686274510,7.05882352941,
194,0.686274509804,10.0980392157,10.1960784314,12.5490196078,0.490196078431,9.01960784314,12.2549019608,21.8627450980,
195,22.4509803922,3.03921568627,2.54901960784,20.0980392157,14.9019607843,14.9019607843,5.78431372549,24.9019607843,
196,8.52941176471,11.3725490196,24.4117647059,8.33333333333,14.9019607843,4.60784313725,16.6666666667,5.88235294118,
197,15.8823529412,23.7254901961,24.5098039216,5.78431372549,20.4901960784,20.0980392157,1.47058823529,16.1764705882,
198,6.56862745098,0.294117647059,1.27450980392,24.9019607843,4.11764705882,9.21568627451,4.31372549020,14.1176470588,
199,20.3921568627,9.70588235294,13.3333333333,4.31372549020,0.294117647059,12.3529411765,22.2549019608,24.3137254902,

Population fitness value 
0,0
1,0
2,0
3,0
4,0
5,0
6,0
7,0
8,0
9,0
10,0
11,0
12,0
13,0
14,0
15,0
16,0
17,0
18,0
19,0
20,0
21,0
22,0
23,0
24,0
25,0
26,0
27,0
28,0
29,0
30,0
31,0
32,0
33,0
34,0
35,0
36,0
37,0
38,0
39,0
40,0
41,0
42,0
43,0
44,0
45,0
46,0
47,0
48,0
49,0
50,0
51,0
52,0
53,0
54,0
55,0
56,0
57,0
58,0
59,0
60,0
61,0
62,0
63,0
64,0
65,0
66,0
67,0
68,0
69,0
70,0
71,0
72,0
73,0
74,0
75,0
76,0
77,0
78,0
79,0
80,0
81,0
82,0
83,0
84,0
85,0
86,0
87,0
88,0
89,0
90,0
91,0
92,0
93,0
94,0
95,0
96,0
97,0
98,0
99,0
100,0
101,0
102,0
103,0
104,0
105,0
106,0
107,0
108,0
109,0
110,0
111,0
112,0
113,0
114,0
115,0
116,0
117,0
118,0
119,0
120,0
121,0
122,0
123,0
124,0
125,0
126,0
127,0
128,0
129,0
130,0
131,0
132,0
133,0
134,0
135,0
136,0
137,0
138,0
139,0
140,0
141,0
142,0
143,0
144,0
145,0
146,0
147,0
148,0
149,0
150,0
151,0
152,0
153,0
154,0
155,0
156,0
157,0
158,0
159,0
160,0
161,0
162,0
163,0
164,0
165,0
166,0
167,0
168,0
169,0
170,0
171,0
172,0
173,0
174,0
175,0
176,0
177,0
178,0
179,0
180,0
181,0
182,0
183,0
184,0
185,0
186,0
187,0
188,0
189,0
190,0
191,0
192,0
193,0
194,0
195,0
196,0
197,0
198,0
199,0


