Generation 
41

Number of individuals per generation
200

Population scaled variables 
0,3.82352941176,3.82352941176,5.39215686275,3.82352941176,3.82352941176,3.82352941176,3.82352941176,3.72549019608,
1,10.0,9.80392156863,22.6470588235,6.86274509804,10.0,16.2745098039,10.0,9.80392156863,
2,24.7058823529,24.9019607843,24.9019607843,23.3333333333,24.9019607843,24.9019607843,24.7058823529,17.0588235294,
3,4.70588235294,4.70588235294,4.70588235294,4.70588235294,1.56862745098,4.90196078431,4.70588235294,4.70588235294,
4,20.0,20.0,20.0,20.0,7.45098039216,6.66666666667,20.0,20.0,
5,4.50980392157,4.50980392157,23.3333333333,17.0588235294,4.60784313725,4.50980392157,3.72549019608,1.37254901961,
6,11.8627450980,8.92156862745,12.0588235294,10.8823529412,11.2745098039,12.0588235294,12.0588235294,12.0588235294,
7,13.6274509804,15.1960784314,12.0588235294,21.4705882353,15.1960784314,14.4117647059,21.2745098039,15.1960784314,
8,22.6470588235,22.4509803922,16.1764705882,22.4509803922,22.4509803922,19.3137254902,22.3529411765,22.4509803922,
9,16.2745098039,17.6470588235,16.8627450980,16.0784313725,16.0784313725,12.9411764706,16.0784313725,16.0784313725,
10,14.8039215686,2.25490196078,2.25490196078,2.25490196078,2.25490196078,1.47058823529,2.25490196078,2.25490196078,
11,11.5686274510,11.5686274510,11.5686274510,11.5686274510,24.1176470588,11.5686274510,24.1176470588,11.5686274510,
12,0.882352941176,0.78431372549,0.78431372549,0.78431372549,3.92156862745,13.3333333333,0.78431372549,0.78431372549,
13,8.82352941176,9.21568627451,9.21568627451,12.3529411765,9.01960784314,9.01960784314,9.21568627451,8.82352941176,
14,20.6862745098,20.5882352941,20.5882352941,20.4901960784,8.03921568627,20.5882352941,20.5882352941,20.5882352941,
15,19.5098039216,19.2156862745,13.0392156863,22.4509803922,20.0980392157,18.9215686275,19.3137254902,19.3137254902,
16,0.392156862745,0.490196078431,0.490196078431,0.392156862745,13.0392156863,0.490196078431,13.0392156863,13.0392156863,
17,21.0784313725,8.52941176471,8.52941176471,8.52941176471,6.96078431373,8.52941176471,8.52941176471,8.52941176471,
18,1.76470588235,1.76470588235,14.3137254902,1.76470588235,5.68627450980,1.76470588235,1.76470588235,1.86274509804,
19,6.66666666667,3.62745098039,0.490196078431,0.490196078431,0.490196078431,0.0980392156863,13.0392156863,0.490196078431,
20,3.52941176471,3.13725490196,3.52941176471,3.52941176471,4.41176470588,3.52941176471,3.52941176471,3.52941176471,
21,18.8235294118,19.2156862745,19.2156862745,6.66666666667,16.0784313725,19.2156862745,20.7843137255,19.2156862745,
22,3.23529411765,4.80392156863,3.62745098039,4.80392156863,4.80392156863,4.80392156863,4.80392156863,4.70588235294,
23,8.92156862745,6.56862745098,7.35294117647,10.4901960784,7.35294117647,7.35294117647,7.25490196078,7.35294117647,
24,9.60784313725,10.0,9.70588235294,9.60784313725,9.60784313725,20.5882352941,10.0,10.3921568627,
25,21.1764705882,21.1764705882,21.1764705882,21.1764705882,21.1764705882,20.3921568627,21.1764705882,23.5294117647,
26,2.84313725490,9.11764705882,3.03921568627,2.84313725490,2.84313725490,2.84313725490,2.84313725490,2.84313725490,
27,7.35294117647,0.882352941176,1.07843137255,1.07843137255,1.07843137255,1.86274509804,1.07843137255,1.07843137255,
28,19.4117647059,21.7647058824,21.8627450980,21.7647058824,22.1568627451,21.7647058824,21.7647058824,20.1960784314,
29,14.4117647059,1.86274509804,1.86274509804,1.86274509804,1.66666666667,2.25490196078,2.25490196078,0.294117647059,
30,6.27450980392,6.56862745098,7.15686274510,6.37254901961,9.50980392157,8.13725490196,6.37254901961,6.37254901961,
31,11.4705882353,11.4705882353,11.6666666667,11.3725490196,11.4705882353,12.2549019608,11.4705882353,11.4705882353,
32,19.3137254902,13.4313725490,20.2941176471,20.0980392157,7.54901960784,20.0980392157,20.0980392157,20.0980392157,
33,2.35294117647,14.9019607843,14.9019607843,14.9019607843,14.1176470588,15.2941176471,1.56862745098,14.9019607843,
34,12.0588235294,12.0588235294,12.0588235294,5.78431372549,12.0588235294,12.0588235294,12.0588235294,8.72549019608,
35,3.03921568627,3.03921568627,9.31372549020,3.03921568627,2.84313725490,3.03921568627,3.03921568627,3.03921568627,
36,15.8823529412,3.33333333333,15.8823529412,15.8823529412,15.7843137255,22.2549019608,16.6666666667,15.8823529412,
37,15.4901960784,15.4901960784,24.9019607843,15.4901960784,15.4901960784,18.2352941176,21.7647058824,15.4901960784,
38,1.96078431373,2.05882352941,0.0980392156863,2.05882352941,2.05882352941,2.05882352941,20.8823529412,2.05882352941,
39,14.6078431373,14.6078431373,13.0392156863,14.6078431373,22.4509803922,13.0392156863,19.3137254902,18.9215686275,
40,8.43137254902,8.43137254902,8.43137254902,8.43137254902,8.43137254902,8.43137254902,8.43137254902,8.43137254902,
41,15.1960784314,21.2745098039,1.66666666667,15.0,15.0,18.1372549020,15.0,15.0,
42,5.88235294118,5.88235294118,5.88235294118,5.09803921569,5.88235294118,2.74509803922,5.88235294118,5.88235294118,
43,1.66666666667,1.76470588235,12.5490196078,0.0,0.78431372549,0.0,0.0,0.0,
44,23.3333333333,23.4313725490,10.7843137255,23.3333333333,10.7843137255,16.3725490196,10.7843137255,4.31372549020,
45,1.66666666667,2.05882352941,1.66666666667,1.66666666667,1.86274509804,1.66666666667,1.66666666667,7.94117647059,
46,20.6862745098,20.6862745098,14.4117647059,21.4705882353,20.6862745098,20.6862745098,20.6862745098,20.6862745098,
47,11.5686274510,11.5686274510,8.43137254902,11.5686274510,24.9019607843,11.5686274510,11.5686274510,11.3725490196,
48,24.2156862745,24.2156862745,23.6274509804,17.5490196078,23.8235294118,23.8235294118,23.8235294118,23.8235294118,
49,9.70588235294,9.50980392157,9.70588235294,9.70588235294,9.70588235294,10.0980392157,9.70588235294,12.0588235294,
50,19.6078431373,19.6078431373,19.6078431373,19.8039215686,19.6078431373,21.1764705882,10.1960784314,19.8039215686,
51,23.3333333333,23.3333333333,23.3333333333,23.3333333333,23.1372549020,23.4313725490,23.3333333333,23.3333333333,
52,0.392156862745,8.23529411765,8.23529411765,1.96078431373,1.96078431373,1.96078431373,1.96078431373,1.96078431373,
53,24.8039215686,22.4509803922,19.1176470588,22.4509803922,16.3725490196,22.4509803922,9.90196078431,16.1764705882,
54,1.17647058824,1.17647058824,2.74509803922,1.17647058824,1.17647058824,1.17647058824,1.17647058824,1.17647058824,
55,17.3529411765,1.66666666667,4.80392156863,5.19607843137,11.2745098039,4.80392156863,4.80392156863,4.80392156863,
56,18.2352941176,5.68627450980,16.6666666667,18.2352941176,18.2352941176,17.4509803922,18.2352941176,18.2352941176,
57,0.588235294118,1.96078431373,2.15686274510,2.15686274510,14.7058823529,2.15686274510,2.15686274510,4.90196078431,
58,3.52941176471,3.52941176471,16.0784313725,16.0784313725,3.52941176471,3.52941176471,16.0784313725,10.9803921569,
59,12.5490196078,0.0,12.5490196078,12.5490196078,12.5490196078,12.5490196078,14.1176470588,12.5490196078,
60,8.43137254902,7.64705882353,7.64705882353,7.64705882353,1.37254901961,7.64705882353,7.64705882353,7.74509803922,
61,0.392156862745,12.9411764706,3.52941176471,1.17647058824,0.392156862745,1.96078431373,0.588235294118,12.9411764706,
62,22.0588235294,22.6470588235,23.6274509804,22.0588235294,22.0588235294,22.0588235294,23.6274509804,9.50980392157,
63,6.56862745098,19.1176470588,0.294117647059,19.1176470588,6.56862745098,1.86274509804,6.56862745098,6.96078431373,
64,1.17647058824,1.27450980392,13.7254901961,1.17647058824,1.17647058824,13.9215686275,1.17647058824,1.17647058824,
65,5.39215686275,5.39215686275,17.9411764706,5.39215686275,5.19607843137,5.29411764706,6.17647058824,3.33333333333,
66,10.5882352941,9.80392156863,10.5882352941,10.5882352941,12.1568627451,10.5882352941,10.1960784314,10.7843137255,
67,14.0196078431,14.0196078431,13.2352941176,13.6274509804,14.0196078431,20.2941176471,13.6274509804,13.2352941176,
68,17.4509803922,15.8823529412,15.6862745098,15.8823529412,3.33333333333,15.8823529412,16.2745098039,15.8823529412,
69,23.4313725490,16.3725490196,17.1568627451,17.1568627451,17.1568627451,17.1568627451,17.1568627451,18.7254901961,
70,1.76470588235,1.76470588235,1.76470588235,2.54901960784,1.76470588235,8.03921568627,1.56862745098,2.54901960784,
71,8.23529411765,8.43137254902,8.52941176471,8.43137254902,6.86274509804,8.43137254902,11.5686274510,8.43137254902,
72,6.56862745098,6.96078431373,6.96078431373,23.4313725490,6.96078431373,7.35294117647,6.96078431373,8.52941176471,
73,8.72549019608,21.2745098039,21.2745098039,21.2745098039,21.2745098039,21.2745098039,8.62745098039,8.72549019608,
74,1.76470588235,0.196078431373,0.196078431373,13.1372549020,4.90196078431,0.196078431373,6.56862745098,9.41176470588,
75,4.60784313725,6.17647058824,12.0588235294,5.78431372549,5.78431372549,5.68627450980,12.0588235294,6.17647058824,
76,6.37254901961,19.1176470588,18.8235294118,18.9215686275,22.0588235294,18.9215686275,18.9215686275,18.9215686275,
77,22.0588235294,22.0588235294,22.0588235294,22.0588235294,22.0588235294,21.9607843137,22.2549019608,22.0588235294,
78,9.41176470588,11.4705882353,11.0784313725,4.80392156863,11.0784313725,7.94117647059,4.80392156863,10.9803921569,
79,22.0588235294,22.2549019608,22.2549019608,15.9803921569,22.2549019608,22.2549019608,22.0588235294,22.8431372549,
80,20.3921568627,23.5294117647,20.4901960784,20.3921568627,23.5294117647,24.3137254902,10.9803921569,20.3921568627,
81,12.5490196078,14.1176470588,14.1176470588,14.1176470588,14.1176470588,1.56862745098,12.5490196078,14.3137254902,
82,11.2745098039,9.70588235294,11.2745098039,9.70588235294,11.2745098039,24.2156862745,11.2745098039,11.6666666667,
83,17.1568627451,13.9215686275,16.6666666667,17.0588235294,4.50980392157,16.2745098039,17.1568627451,13.9215686275,
84,14.0196078431,15.3921568627,13.8235294118,20.0980392157,18.5294117647,13.8235294118,16.9607843137,13.0392156863,
85,4.11764705882,10.1960784314,4.11764705882,4.21568627451,4.11764705882,4.11764705882,10.3921568627,0.980392156863,
86,16.7647058824,12.8431372549,13.6274509804,13.6274509804,19.9019607843,21.4705882353,13.6274509804,13.6274509804,
87,2.64705882353,2.54901960784,5.68627450980,5.68627450980,2.54901960784,2.54901960784,2.54901960784,2.54901960784,
88,14.5098039216,2.05882352941,14.5098039216,14.5098039216,20.7843137255,14.5098039216,14.5098039216,14.5098039216,
89,19.7058823529,20.0980392157,19.7058823529,19.7058823529,19.7058823529,18.9215686275,19.7058823529,20.0980392157,
90,24.4117647059,24.8039215686,24.0196078431,24.8039215686,24.0196078431,7.54901960784,24.7058823529,24.8039215686,
91,14.8039215686,13.0392156863,14.8039215686,14.8039215686,15.5882352941,2.25490196078,14.8039215686,14.8039215686,
92,4.60784313725,3.82352941176,4.21568627451,4.60784313725,3.82352941176,4.60784313725,4.60784313725,10.8823529412,
93,5.09803921569,5.09803921569,4.70588235294,16.1764705882,5.09803921569,17.6470588235,5.09803921569,5.88235294118,
94,11.1764705882,9.60784313725,10.7843137255,10.7843137255,7.64705882353,22.1568627451,10.0,10.7843137255,
95,2.15686274510,8.52941176471,8.52941176471,11.4705882353,8.13725490196,11.6666666667,20.9803921569,8.52941176471,
96,15.1960784314,16.7647058824,18.3333333333,17.9411764706,15.1960784314,24.6078431373,18.3333333333,24.6078431373,
97,23.8235294118,23.8235294118,23.6274509804,24.5098039216,23.8235294118,23.8235294118,11.2745098039,18.3333333333,
98,13.6274509804,13.4313725490,13.4313725490,13.4313725490,13.4313725490,13.8235294118,0.882352941176,15.0,
99,5.09803921569,5.88235294118,5.09803921569,5.09803921569,5.09803921569,1.96078431373,5.09803921569,5.29411764706,
100,15.8823529412,15.8823529412,3.33333333333,16.6666666667,17.5490196078,12.7450980392,15.8823529412,15.8823529412,
101,6.07843137255,18.2352941176,18.0392156863,5.68627450980,24.5098039216,5.68627450980,18.2352941176,21.3725490196,
102,17.6470588235,5.09803921569,17.7450980392,17.2549019608,23.9215686275,17.6470588235,17.6470588235,24.7058823529,
103,2.15686274510,5.0,3.82352941176,5.39215686275,5.39215686275,5.19607843137,5.39215686275,5.29411764706,
104,7.94117647059,23.7254901961,5.0,23.7254901961,23.7254901961,23.7254901961,23.7254901961,23.7254901961,
105,21.1764705882,21.1764705882,18.0392156863,21.5686274510,21.1764705882,19.6078431373,24.4117647059,21.1764705882,
106,10.0980392157,3.82352941176,3.82352941176,3.82352941176,3.82352941176,3.82352941176,3.82352941176,3.82352941176,
107,19.1176470588,18.9215686275,19.1176470588,19.1176470588,19.0196078431,23.0392156863,19.1176470588,19.1176470588,
108,19.2156862745,6.66666666667,20.0,19.2156862745,19.2156862745,19.2156862745,19.2156862745,19.2156862745,
109,18.0392156863,22.7450980392,5.49019607843,5.49019607843,5.49019607843,5.49019607843,5.49019607843,18.4313725490,
110,17.5490196078,17.3529411765,17.5490196078,17.5490196078,23.8235294118,17.9411764706,17.9411764706,17.5490196078,
111,0.588235294118,0.588235294118,0.588235294118,1.96078431373,0.588235294118,0.588235294118,0.588235294118,6.96078431373,
112,20.1960784314,20.2941176471,20.0980392157,20.2941176471,20.2941176471,20.2941176471,19.9019607843,19.5098039216,
113,9.41176470588,3.13725490196,9.41176470588,3.23529411765,9.41176470588,10.9803921569,9.41176470588,9.41176470588,
114,4.21568627451,0.294117647059,0.294117647059,0.294117647059,1.86274509804,0.0980392156863,0.294117647059,22.2549019608,
115,22.2549019608,22.2549019608,23.0392156863,22.6470588235,16.3725490196,19.1176470588,9.70588235294,15.9803921569,
116,2.05882352941,2.05882352941,6.76470588235,1.66666666667,2.05882352941,5.98039215686,5.98039215686,8.33333333333,
117,20.0980392157,7.54901960784,13.8235294118,20.2941176471,20.0980392157,20.0980392157,20.0980392157,20.0980392157,
118,18.0392156863,18.0392156863,18.1372549020,18.0392156863,18.0392156863,18.0392156863,18.0392156863,5.49019607843,
119,3.52941176471,3.62745098039,3.13725490196,3.52941176471,3.62745098039,1.17647058824,3.52941176471,5.09803921569,
120,0.0980392156863,1.66666666667,1.66666666667,1.66666666667,1.66666666667,1.86274509804,1.66666666667,4.80392156863,
121,11.0784313725,8.92156862745,10.4901960784,12.0588235294,12.0588235294,12.0588235294,5.78431372549,12.0588235294,
122,12.1568627451,11.3725490196,11.4705882353,7.84313725490,8.23529411765,11.7647058824,11.3725490196,11.4705882353,
123,18.8235294118,19.2156862745,18.8235294118,18.8235294118,22.7450980392,12.5490196078,22.3529411765,19.2156862745,
124,7.15686274510,6.37254901961,19.7058823529,7.15686274510,7.54901960784,7.15686274510,7.05882352941,0.882352941176,
125,7.25490196078,1.76470588235,1.17647058824,1.37254901961,0.980392156863,4.11764705882,7.25490196078,0.980392156863,
126,19.5098039216,6.96078431373,6.96078431373,6.96078431373,6.96078431373,6.96078431373,6.96078431373,6.96078431373,
127,11.8627450980,11.8627450980,10.2941176471,4.80392156863,11.7647058824,11.8627450980,11.8627450980,11.8627450980,
128,0.588235294118,0.588235294118,0.588235294118,0.392156862745,0.588235294118,1.37254901961,6.66666666667,0.588235294118,
129,20.6862745098,20.6862745098,20.6862745098,20.6862745098,20.6862745098,21.4705882353,20.6862745098,21.4705882353,
130,6.37254901961,6.37254901961,6.37254901961,0.0980392156863,6.37254901961,8.72549019608,9.50980392157,6.27450980392,
131,14.1176470588,18.0392156863,14.9019607843,14.9019607843,18.0392156863,15.0,14.9019607843,14.9019607843,
132,3.82352941176,3.82352941176,10.0980392157,5.39215686275,10.0980392157,3.82352941176,2.25490196078,3.82352941176,
133,5.88235294118,5.88235294118,5.88235294118,5.88235294118,4.31372549020,5.88235294118,6.07843137255,5.88235294118,
134,5.09803921569,3.13725490196,5.49019607843,5.49019607843,4.70588235294,4.70588235294,4.70588235294,4.70588235294,
135,4.31372549020,4.31372549020,13.7254901961,18.4313725490,3.52941176471,4.31372549020,4.50980392157,16.8627450980,
136,15.6862745098,16.4705882353,15.6862745098,16.4705882353,15.6862745098,15.6862745098,15.6862745098,17.2549019608,
137,11.2745098039,20.6862745098,5.0,8.13725490196,7.94117647059,8.13725490196,6.56862745098,8.52941176471,
138,0.686274509804,0.686274509804,0.686274509804,13.1372549020,13.2352941176,0.686274509804,19.4117647059,3.82352941176,
139,16.0784313725,16.8627450980,16.8627450980,16.0784313725,1.96078431373,9.80392156863,16.0784313725,16.0784313725,
140,2.94117647059,8.43137254902,2.15686274510,5.29411764706,2.15686274510,1.47058823529,1.96078431373,2.15686274510,
141,13.1372549020,13.1372549020,13.9215686275,19.4117647059,16.2745098039,19.4117647059,13.1372549020,14.7058823529,
142,4.01960784314,4.01960784314,10.2941176471,16.5686274510,4.01960784314,4.01960784314,4.01960784314,4.01960784314,
143,22.2549019608,23.8235294118,22.2549019608,22.6470588235,22.2549019608,19.1176470588,19.1176470588,22.2549019608,
144,11.4705882353,11.4705882353,11.4705882353,11.3725490196,11.4705882353,11.4705882353,11.4705882353,11.4705882353,
145,7.64705882353,21.7647058824,7.74509803922,8.82352941176,9.21568627451,9.21568627451,8.23529411765,9.21568627451,
146,2.35294117647,2.35294117647,2.35294117647,2.35294117647,2.35294117647,2.35294117647,2.35294117647,14.9019607843,
147,22.0588235294,23.6274509804,22.4509803922,22.0588235294,22.2549019608,9.90196078431,22.0588235294,22.0588235294,
148,6.86274509804,6.47058823529,6.86274509804,8.03921568627,6.86274509804,1.37254901961,6.86274509804,6.86274509804,
149,2.64705882353,3.03921568627,3.03921568627,3.03921568627,3.03921568627,3.03921568627,9.31372549020,3.03921568627,
150,24.3137254902,11.7647058824,24.4117647059,11.7647058824,24.3137254902,24.3137254902,24.3137254902,24.3137254902,
151,22.8431372549,19.7058823529,22.8431372549,22.7450980392,22.8431372549,15.8823529412,22.8431372549,23.2352941176,
152,7.45098039216,7.54901960784,7.45098039216,19.6078431373,7.45098039216,7.45098039216,7.45098039216,7.54901960784,
153,2.25490196078,2.25490196078,2.25490196078,14.8039215686,2.25490196078,5.39215686275,2.25490196078,14.8039215686,
154,14.8039215686,2.25490196078,2.25490196078,15.5882352941,2.15686274510,2.25490196078,2.25490196078,2.25490196078,
155,21.9607843137,21.9607843137,21.9607843137,9.41176470588,21.9607843137,21.9607843137,22.1568627451,24.3137254902,
156,21.4705882353,8.92156862745,8.92156862745,8.82352941176,8.92156862745,8.03921568627,8.92156862745,8.92156862745,
157,9.60784313725,9.41176470588,15.8823529412,9.60784313725,11.1764705882,9.60784313725,22.1568627451,9.60784313725,
158,1.47058823529,1.47058823529,1.47058823529,1.47058823529,1.47058823529,14.0196078431,1.47058823529,1.47058823529,
159,15.4901960784,2.94117647059,15.4901960784,14.7058823529,15.4901960784,15.2941176471,15.4901960784,2.94117647059,
160,15.6862745098,12.5490196078,16.4705882353,21.9607843137,15.6862745098,15.6862745098,12.5490196078,0.0,
161,8.13725490196,0.686274509804,8.52941176471,8.52941176471,8.43137254902,8.52941176471,8.52941176471,8.52941176471,
162,11.1764705882,12.7450980392,4.90196078431,4.90196078431,17.4509803922,4.90196078431,3.33333333333,4.90196078431,
163,18.7254901961,16.3725490196,18.6274509804,18.7254901961,18.7254901961,18.3333333333,18.7254901961,18.7254901961,
164,6.66666666667,9.80392156863,6.66666666667,19.2156862745,6.66666666667,9.80392156863,6.66666666667,6.66666666667,
165,22.6470588235,6.96078431373,2.25490196078,10.6862745098,8.52941176471,6.56862745098,6.96078431373,8.43137254902,
166,16.6666666667,3.33333333333,15.8823529412,15.8823529412,22.1568627451,16.6666666667,17.4509803922,15.8823529412,
167,8.52941176471,21.8627450980,20.2941176471,21.8627450980,25.0,25.0,21.8627450980,21.8627450980,
168,10.5882352941,10.9803921569,23.9215686275,11.5686274510,11.3725490196,5.09803921569,11.3725490196,11.3725490196,
169,20.9803921569,20.9803921569,20.9803921569,20.9803921569,20.9803921569,20.9803921569,17.8431372549,20.9803921569,
170,23.5294117647,23.5294117647,23.5294117647,23.5294117647,11.1764705882,23.5294117647,10.9803921569,23.5294117647,
171,11.0784313725,11.0784313725,11.3725490196,11.2745098039,9.50980392157,23.6274509804,11.2745098039,11.2745098039,
172,9.90196078431,10.2941176471,10.6862745098,10.2941176471,22.8431372549,9.41176470588,24.4117647059,10.2941176471,
173,9.31372549020,2.74509803922,9.11764705882,9.01960784314,9.21568627451,9.01960784314,9.11764705882,7.45098039216,
174,13.1372549020,0.588235294118,11.5686274510,0.588235294118,1.76470588235,2.15686274510,14.7058823529,0.392156862745,
175,5.09803921569,17.6470588235,17.6470588235,14.3137254902,14.5098039216,17.6470588235,17.6470588235,22.5490196078,
176,16.2745098039,12.5490196078,15.6862745098,16.3725490196,17.2549019608,15.6862745098,16.0784313725,15.6862745098,
177,7.35294117647,8.92156862745,6.56862745098,2.64705882353,7.35294117647,7.35294117647,7.25490196078,7.35294117647,
178,4.01960784314,3.23529411765,3.43137254902,3.23529411765,3.23529411765,0.0980392156863,3.23529411765,3.23529411765,
179,13.5294117647,16.6666666667,13.5294117647,13.6274509804,13.5294117647,13.5294117647,13.3333333333,15.0980392157,
180,22.2549019608,15.9803921569,17.5490196078,3.43137254902,12.8431372549,15.9803921569,16.7647058824,4.21568627451,
181,10.5882352941,10.5882352941,10.1960784314,10.5882352941,9.80392156863,10.5882352941,10.3921568627,11.3725490196,
182,5.19607843137,5.19607843137,5.19607843137,12.2549019608,5.19607843137,5.98039215686,5.39215686275,5.19607843137,
183,4.70588235294,5.09803921569,3.23529411765,5.19607843137,23.5294117647,4.70588235294,4.90196078431,5.88235294118,
184,9.11764705882,8.72549019608,8.72549019608,7.94117647059,9.11764705882,8.72549019608,8.72549019608,8.62745098039,
185,7.54901960784,20.0980392157,20.0980392157,20.0980392157,20.0980392157,20.0980392157,7.54901960784,20.0980392157,
186,11.6666666667,5.39215686275,5.0,5.39215686275,4.60784313725,5.19607843137,5.0,11.6666666667,
187,8.92156862745,6.56862745098,6.56862745098,8.13725490196,8.13725490196,8.13725490196,1.86274509804,8.13725490196,
188,14.8039215686,15.5882352941,15.5882352941,3.03921568627,15.5882352941,15.5882352941,15.5882352941,15.5882352941,
189,20.3921568627,20.3921568627,21.1764705882,21.1764705882,18.8235294118,20.5882352941,20.3921568627,20.3921568627,
190,19.9019607843,13.6274509804,23.0392156863,7.64705882353,7.35294117647,19.7058823529,13.6274509804,19.9019607843,
191,20.3921568627,9.70588235294,13.3333333333,4.31372549020,0.294117647059,12.3529411765,22.2549019608,24.3137254902,
192,6.56862745098,0.294117647059,1.27450980392,24.9019607843,4.11764705882,9.21568627451,4.31372549020,14.1176470588,
193,15.8823529412,23.7254901961,24.5098039216,5.78431372549,20.4901960784,20.0980392157,1.47058823529,16.1764705882,
194,8.52941176471,11.3725490196,24.4117647059,8.33333333333,14.9019607843,4.60784313725,16.6666666667,5.88235294118,
195,22.4509803922,3.03921568627,2.54901960784,20.0980392157,14.9019607843,14.9019607843,5.78431372549,24.9019607843,
196,0.686274509804,10.0980392157,10.1960784314,12.5490196078,0.490196078431,9.01960784314,12.2549019608,21.8627450980,
197,22.0588235294,12.9411764706,7.25490196078,6.17647058824,9.70588235294,1.47058823529,7.15686274510,7.05882352941,
198,11.2745098039,15.4901960784,9.01960784314,22.4509803922,6.86274509804,1.07843137255,5.88235294118,13.9215686275,
199,11.0784313725,20.0,13.7254901961,22.8431372549,13.7254901961,6.56862745098,12.9411764706,3.72549019608,

Population fitness value 
0,0
1,0
2,0
3,0
4,0
5,0
6,0
7,0
8,0
9,0
10,0
11,0
12,0
13,0
14,0
15,0
16,0
17,0
18,0
19,0
20,0
21,0
22,0
23,0
24,0
25,0
26,0
27,0
28,0
29,0
30,0
31,0
32,0
33,0
34,0
35,0
36,0
37,0
38,0
39,0
40,0
41,0
42,0
43,0
44,0
45,0
46,0
47,0
48,0
49,0
50,0
51,0
52,0
53,0
54,0
55,0
56,0
57,0
58,0
59,0
60,0
61,0
62,0
63,0
64,0
65,0
66,0
67,0
68,0
69,0
70,0
71,0
72,0
73,0
74,0
75,0
76,0
77,0
78,0
79,0
80,0
81,0
82,0
83,0
84,0
85,0
86,0
87,0
88,0
89,0
90,0
91,0
92,0
93,0
94,0
95,0
96,0
97,0
98,0
99,0
100,0
101,0
102,0
103,0
104,0
105,0
106,0
107,0
108,0
109,0
110,0
111,0
112,0
113,0
114,0
115,0
116,0
117,0
118,0
119,0
120,0
121,0
122,0
123,0
124,0
125,0
126,0
127,0
128,0
129,0
130,0
131,0
132,0
133,0
134,0
135,0
136,0
137,0
138,0
139,0
140,0
141,0
142,0
143,0
144,0
145,0
146,0
147,0
148,0
149,0
150,0
151,0
152,0
153,0
154,0
155,0
156,0
157,0
158,0
159,0
160,0
161,0
162,0
163,0
164,0
165,0
166,0
167,0
168,0
169,0
170,0
171,0
172,0
173,0
174,0
175,0
176,0
177,0
178,0
179,0
180,0
181,0
182,0
183,0
184,0
185,0
186,0
187,0
188,0
189,0
190,0
191,0
192,0
193,0
194,0
195,0
196,0
197,0
198,0
199,0


