Generation 
22

Number of individuals per generation
200

Population scaled variables 
0,9.01960784314,3.03921568627,21.5686274510,9.01960784314,7.45098039216,9.01960784314,12.1568627451,9.01960784314,
1,15.8823529412,15.8823529412,15.6862745098,15.8823529412,16.2745098039,15.8823529412,15.8823529412,15.8823529412,
2,10.2941176471,9.50980392157,10.2941176471,10.2941176471,10.1960784314,19.6078431373,10.2941176471,3.92156862745,
3,21.9607843137,21.9607843137,21.9607843137,21.9607843137,21.9607843137,21.9607843137,21.9607843137,21.9607843137,
4,18.5294117647,14.4117647059,18.1372549020,18.1372549020,16.5686274510,24.4117647059,18.1372549020,4.01960784314,
5,12.9411764706,12.5490196078,13.7254901961,12.9411764706,12.9411764706,12.9411764706,13.9215686275,12.9411764706,
6,23.6274509804,11.0784313725,11.8627450980,23.6274509804,10.4901960784,11.0784313725,11.0784313725,5.58823529412,
7,1.37254901961,0.686274509804,14.0196078431,1.47058823529,1.47058823529,1.47058823529,1.47058823529,1.47058823529,
8,24.6078431373,24.8039215686,25.0,25.0,25.0,23.4313725490,25.0,24.2156862745,
9,7.84313725490,1.66666666667,1.66666666667,1.66666666667,1.66666666667,1.66666666667,12.6470588235,1.66666666667,
10,8.52941176471,21.0784313725,8.52941176471,22.6470588235,8.52941176471,8.52941176471,8.52941176471,8.52941176471,
11,13.6274509804,13.0392156863,13.8235294118,13.8235294118,13.3333333333,14.0196078431,13.8235294118,13.8235294118,
12,12.4509803922,12.2549019608,11.0784313725,11.4705882353,12.2549019608,12.2549019608,12.4509803922,12.2549019608,
13,10.7843137255,17.0588235294,10.7843137255,10.7843137255,10.7843137255,4.50980392157,10.5882352941,10.8823529412,
14,4.21568627451,11.9607843137,6.07843137255,5.78431372549,5.49019607843,2.64705882353,5.68627450980,4.90196078431,
15,20.0,20.0,20.0,19.4117647059,19.8039215686,20.0,20.0,20.0,
16,12.6470588235,0.686274509804,2.25490196078,0.588235294118,0.686274509804,0.588235294118,11.6666666667,0.294117647059,
17,21.0784313725,20.2941176471,20.2941176471,20.2941176471,14.0196078431,20.2941176471,20.2941176471,20.2941176471,
18,16.8627450980,14.6078431373,16.9607843137,3.62745098039,16.1764705882,16.1764705882,16.9607843137,16.0784313725,
19,1.37254901961,2.74509803922,1.17647058824,0.78431372549,0.78431372549,0.78431372549,1.17647058824,1.17647058824,
20,4.21568627451,5.78431372549,4.21568627451,5.78431372549,1.47058823529,4.21568627451,10.4901960784,4.21568627451,
21,19.9019607843,19.0196078431,7.35294117647,13.6274509804,19.9019607843,19.8039215686,19.9019607843,19.8039215686,
22,8.03921568627,14.1176470588,14.3137254902,23.8235294118,20.5882352941,20.5882352941,14.3137254902,20.6862745098,
23,4.80392156863,5.58823529412,4.80392156863,4.80392156863,4.80392156863,4.80392156863,4.80392156863,4.70588235294,
24,1.86274509804,2.25490196078,2.25490196078,2.25490196078,3.03921568627,2.25490196078,2.25490196078,1.86274509804,
25,11.1764705882,7.05882352941,8.92156862745,7.25490196078,7.64705882353,0.980392156863,8.82352941176,7.25490196078,
26,22.1568627451,22.1568627451,22.1568627451,22.1568627451,22.1568627451,22.5490196078,22.9411764706,23.7254901961,
27,9.21568627451,8.82352941176,8.82352941176,11.9607843137,8.82352941176,9.21568627451,15.0980392157,12.4509803922,
28,1.47058823529,1.27450980392,6.76470588235,2.84313725490,3.03921568627,4.21568627451,2.84313725490,0.882352941176,
29,10.2941176471,4.01960784314,10.2941176471,9.70588235294,10.2941176471,7.15686274510,10.6862745098,10.2941176471,
30,15.7843137255,15.8823529412,15.9803921569,22.2549019608,15.9803921569,22.0588235294,15.9803921569,16.7647058824,
31,16.5686274510,13.4313725490,16.7647058824,16.7647058824,16.7647058824,16.7647058824,16.3725490196,16.7647058824,
32,23.8235294118,22.2549019608,22.2549019608,22.2549019608,22.2549019608,22.2549019608,22.6470588235,9.70588235294,
33,6.37254901961,7.94117647059,7.84313725490,7.94117647059,7.94117647059,11.0784313725,7.94117647059,8.33333333333,
34,23.7254901961,23.7254901961,23.5294117647,20.5882352941,23.7254901961,23.7254901961,24.6078431373,19.0196078431,
35,0.588235294118,0.588235294118,0.588235294118,10.0,14.5098039216,0.588235294118,0.588235294118,0.588235294118,
36,6.56862745098,6.56862745098,6.37254901961,6.56862745098,6.56862745098,6.56862745098,6.56862745098,6.56862745098,
37,18.0392156863,5.0,5.68627450980,5.68627450980,5.68627450980,5.68627450980,5.68627450980,5.68627450980,
38,22.2549019608,11.2745098039,17.5490196078,9.70588235294,5.0,23.8235294118,1.86274509804,11.2745098039,
39,6.27450980392,20.4901960784,7.94117647059,7.94117647059,7.94117647059,7.94117647059,11.0784313725,7.94117647059,
40,16.8627450980,16.4705882353,4.31372549020,16.4705882353,16.8627450980,16.8627450980,16.8627450980,16.8627450980,
41,17.0588235294,4.50980392157,4.50980392157,4.50980392157,4.50980392157,4.50980392157,4.50980392157,13.5294117647,
42,3.23529411765,16.1764705882,15.7843137255,15.7843137255,15.7843137255,16.1764705882,15.7843137255,15.7843137255,
43,12.3529411765,6.07843137255,6.07843137255,6.07843137255,2.94117647059,5.09803921569,18.6274509804,4.50980392157,
44,25.0,24.8039215686,25.0,23.4313725490,24.9019607843,23.4313725490,18.7254901961,25.0,
45,20.7843137255,20.3921568627,24.0196078431,20.3921568627,1.56862745098,20.3921568627,10.9803921569,20.3921568627,
46,3.92156862745,4.01960784314,5.78431372549,4.01960784314,4.01960784314,11.8627450980,4.41176470588,0.882352941176,
47,1.86274509804,13.5294117647,4.21568627451,0.882352941176,12.8431372549,13.6274509804,1.07843137255,13.6274509804,
48,6.56862745098,13.6274509804,6.56862745098,6.56862745098,6.37254901961,6.56862745098,6.56862745098,6.56862745098,
49,0.490196078431,13.2352941176,0.686274509804,0.686274509804,0.686274509804,13.2352941176,0.588235294118,3.72549019608,
50,0.686274509804,5.78431372549,5.78431372549,5.78431372549,5.78431372549,5.0,5.78431372549,5.58823529412,
51,9.41176470588,6.37254901961,7.05882352941,21.9607843137,6.27450980392,6.27450980392,6.27450980392,6.37254901961,
52,22.2549019608,22.0588235294,15.8823529412,9.70588235294,22.6470588235,22.5490196078,22.2549019608,22.2549019608,
53,9.21568627451,12.3529411765,12.3529411765,12.3529411765,9.21568627451,12.3529411765,12.3529411765,12.3529411765,
54,14.3137254902,14.9019607843,14.9019607843,14.1176470588,20.3921568627,1.56862745098,20.3921568627,14.1176470588,
55,15.5882352941,17.9411764706,15.5882352941,14.8039215686,24.2156862745,14.8039215686,14.4117647059,14.6078431373,
56,8.62745098039,8.62745098039,8.62745098039,8.62745098039,7.84313725490,8.62745098039,8.62745098039,8.62745098039,
57,13.4313725490,18.2352941176,16.5686274510,16.5686274510,16.9607843137,16.5686274510,15.7843137255,18.1372549020,
58,5.29411764706,5.29411764706,5.29411764706,5.29411764706,5.29411764706,5.29411764706,5.29411764706,5.29411764706,
59,12.9411764706,12.9411764706,13.1372549020,12.9411764706,12.9411764706,13.1372549020,12.9411764706,14.5098039216,
60,18.1372549020,24.4117647059,18.1372549020,18.3333333333,18.5294117647,18.1372549020,17.3529411765,18.5294117647,
61,22.9411764706,22.9411764706,11.9607843137,24.3137254902,24.5098039216,24.6078431373,24.5098039216,12.0588235294,
62,12.2549019608,12.1568627451,12.2549019608,10.6862745098,12.2549019608,12.2549019608,12.4509803922,12.2549019608,
63,5.39215686275,17.4509803922,5.0,5.0,1.66666666667,5.0,17.5490196078,17.5490196078,
64,22.1568627451,22.1568627451,22.1568627451,22.1568627451,22.1568627451,22.2549019608,22.1568627451,10.3921568627,
65,7.64705882353,21.7647058824,7.64705882353,20.1960784314,0.980392156863,7.64705882353,15.4901960784,13.9215686275,
66,10.7843137255,10.3921568627,9.60784313725,10.3921568627,22.9411764706,8.92156862745,10.3921568627,4.11764705882,
67,3.43137254902,4.60784313725,17.1568627451,13.2352941176,16.3725490196,17.1568627451,17.1568627451,17.1568627451,
68,9.90196078431,22.4509803922,23.2352941176,9.90196078431,9.90196078431,10.6862745098,9.90196078431,9.90196078431,
69,12.9411764706,13.1372549020,13.1372549020,13.9215686275,13.1372549020,13.1372549020,13.1372549020,13.1372549020,
70,9.31372549020,9.21568627451,6.56862745098,9.31372549020,3.03921568627,11.9607843137,8.52941176471,9.31372549020,
71,5.68627450980,5.49019607843,5.49019607843,5.49019607843,5.49019607843,5.49019607843,5.49019607843,0.78431372549,
72,23.8235294118,24.3137254902,23.8235294118,22.2549019608,17.5490196078,9.70588235294,24.6078431373,23.6274509804,
73,3.62745098039,4.41176470588,3.62745098039,3.62745098039,3.62745098039,6.76470588235,3.62745098039,5.09803921569,
74,10.2941176471,10.1960784314,8.72549019608,10.2941176471,11.8627450980,2.45098039216,10.2941176471,10.2941176471,
75,20.4901960784,15.0,18.1372549020,13.3333333333,15.0,15.0,19.9019607843,15.1960784314,
76,6.76470588235,6.56862745098,9.60784313725,8.03921568627,6.47058823529,19.0196078431,6.47058823529,6.47058823529,
77,5.58823529412,5.58823529412,5.58823529412,9.70588235294,2.45098039216,5.58823529412,5.78431372549,5.58823529412,
78,4.70588235294,17.2549019608,4.70588235294,3.92156862745,4.70588235294,4.70588235294,1.56862745098,17.2549019608,
79,12.7450980392,12.7450980392,13.1372549020,12.7450980392,13.1372549020,13.5294117647,12.7450980392,12.7450980392,
80,16.1764705882,22.4509803922,22.4509803922,22.0588235294,22.0588235294,23.2352941176,22.4509803922,22.4509803922,
81,7.94117647059,7.94117647059,8.72549019608,11.2745098039,7.94117647059,7.94117647059,7.94117647059,20.4901960784,
82,21.5686274510,23.1372549020,24.7058823529,24.3137254902,21.5686274510,24.3137254902,24.7058823529,24.8039215686,
83,7.45098039216,7.05882352941,7.05882352941,10.3921568627,7.05882352941,10.1960784314,6.27450980392,7.05882352941,
84,23.8235294118,23.8235294118,23.8235294118,23.8235294118,23.6274509804,23.8235294118,23.7254901961,17.4509803922,
85,20.0980392157,21.6666666667,21.6666666667,25.0,20.0980392157,23.2352941176,20.1960784314,20.0980392157,
86,4.80392156863,1.66666666667,4.80392156863,4.80392156863,4.80392156863,1.66666666667,5.58823529412,3.23529411765,
87,12.5490196078,13.3333333333,19.6078431373,13.7254901961,13.3333333333,13.3333333333,13.3333333333,16.4705882353,
88,9.41176470588,9.60784313725,9.41176470588,21.9607843137,4.70588235294,6.27450980392,9.50980392157,9.60784313725,
89,13.4313725490,13.8235294118,13.8235294118,13.8235294118,13.7254901961,13.8235294118,13.8235294118,16.3725490196,
90,2.74509803922,4.31372549020,10.5882352941,4.31372549020,4.31372549020,3.92156862745,3.92156862745,1.17647058824,
91,7.05882352941,7.64705882353,6.47058823529,19.8039215686,7.74509803922,7.05882352941,6.47058823529,7.35294117647,
92,3.33333333333,11.1764705882,11.1764705882,11.1764705882,11.1764705882,11.2745098039,11.9607843137,23.7254901961,
93,22.0588235294,23.6274509804,8.33333333333,22.0588235294,24.0196078431,23.6274509804,23.6274509804,23.6274509804,
94,13.6274509804,12.8431372549,12.8431372549,12.8431372549,12.8431372549,12.8431372549,12.8431372549,12.8431372549,
95,9.70588235294,9.70588235294,9.50980392157,6.56862745098,15.9803921569,22.2549019608,9.70588235294,9.70588235294,
96,3.62745098039,3.23529411765,3.62745098039,3.62745098039,4.41176470588,3.52941176471,3.62745098039,3.13725490196,
97,7.05882352941,7.05882352941,7.05882352941,23.1372549020,7.05882352941,7.25490196078,19.6078431373,7.05882352941,
98,9.21568627451,8.82352941176,9.21568627451,7.64705882353,9.21568627451,9.21568627451,21.7647058824,9.21568627451,
99,20.4901960784,20.4901960784,14.2156862745,20.4901960784,20.3921568627,21.2745098039,20.4901960784,20.3921568627,
100,13.3333333333,13.3333333333,16.4705882353,13.3333333333,16.9607843137,7.05882352941,16.4705882353,13.5294117647,
101,2.25490196078,8.52941176471,8.52941176471,8.23529411765,8.13725490196,8.52941176471,8.52941176471,20.6862745098,
102,1.66666666667,6.37254901961,6.37254901961,6.37254901961,9.50980392157,6.37254901961,0.0980392156863,0.0980392156863,
103,18.3333333333,18.3333333333,18.3333333333,18.3333333333,18.3333333333,18.3333333333,18.3333333333,18.3333333333,
104,18.1372549020,18.1372549020,18.1372549020,18.1372549020,18.1372549020,18.5294117647,18.1372549020,18.1372549020,
105,10.2941176471,9.70588235294,10.2941176471,11.8627450980,10.2941176471,10.1960784314,12.2549019608,10.2941176471,
106,11.3725490196,11.5686274510,12.1568627451,11.3725490196,11.3725490196,8.23529411765,11.3725490196,11.3725490196,
107,15.9803921569,22.2549019608,22.2549019608,22.2549019608,9.50980392157,9.70588235294,22.2549019608,22.2549019608,
108,5.29411764706,5.39215686275,5.29411764706,5.29411764706,6.07843137255,2.15686274510,5.29411764706,5.09803921569,
109,21.3725490196,9.21568627451,25.0,24.7058823529,25.0,24.9019607843,21.7647058824,24.9019607843,
110,7.74509803922,10.0980392157,22.6470588235,9.90196078431,10.0980392157,10.0980392157,9.90196078431,4.60784313725,
111,9.90196078431,9.90196078431,22.4509803922,11.0784313725,9.90196078431,9.90196078431,22.0588235294,9.90196078431,
112,19.1176470588,13.6274509804,13.6274509804,17.5490196078,16.7647058824,19.9019607843,13.6274509804,13.6274509804,
113,11.2745098039,11.6666666667,11.2745098039,11.2745098039,5.0,5.0,5.0,11.2745098039,
114,9.41176470588,9.50980392157,9.50980392157,22.0588235294,3.43137254902,9.50980392157,9.90196078431,9.50980392157,
115,9.31372549020,8.52941176471,8.52941176471,8.52941176471,8.52941176471,21.0784313725,11.6666666667,8.43137254902,
116,8.72549019608,8.72549019608,8.72549019608,9.11764705882,8.72549019608,7.15686274510,8.62745098039,8.72549019608,
117,15.8823529412,15.8823529412,12.7450980392,15.8823529412,17.4509803922,15.8823529412,15.8823529412,16.2745098039,
118,14.0196078431,13.9215686275,15.2941176471,15.4901960784,15.4901960784,15.4901960784,15.4901960784,2.15686274510,
119,16.5686274510,18.1372549020,17.2549019608,18.0392156863,18.1372549020,18.3333333333,18.1372549020,18.1372549020,
120,22.1568627451,22.1568627451,22.1568627451,22.1568627451,22.2549019608,21.9607843137,22.1568627451,19.0196078431,
121,6.37254901961,19.1176470588,19.1176470588,19.1176470588,19.1176470588,19.1176470588,19.1176470588,19.5098039216,
122,5.19607843137,17.6470588235,17.6470588235,14.5098039216,17.6470588235,17.6470588235,17.6470588235,14.6078431373,
123,17.9411764706,16.3725490196,17.9411764706,17.9411764706,17.9411764706,17.9411764706,24.2156862745,17.9411764706,
124,0.686274509804,0.686274509804,0.294117647059,0.686274509804,6.96078431373,0.686274509804,0.686274509804,0.686274509804,
125,7.74509803922,10.6862745098,10.5882352941,10.6862745098,10.6862745098,10.6862745098,4.41176470588,4.41176470588,
126,22.4509803922,22.0588235294,22.8431372549,22.2549019608,18.9215686275,22.0588235294,22.0588235294,22.0588235294,
127,20.4901960784,20.3921568627,7.94117647059,20.4901960784,20.3921568627,21.6666666667,20.3921568627,20.6862745098,
128,8.52941176471,5.29411764706,11.5686274510,8.43137254902,19.4117647059,8.43137254902,2.15686274510,8.43137254902,
129,8.52941176471,8.52941176471,8.13725490196,8.52941176471,8.52941176471,8.13725490196,8.52941176471,8.13725490196,
130,13.2352941176,13.0392156863,12.8431372549,13.2352941176,13.2352941176,13.2352941176,13.2352941176,13.2352941176,
131,13.5294117647,13.1372549020,1.37254901961,13.1372549020,14.6078431373,13.1372549020,13.0392156863,13.1372549020,
132,19.7058823529,20.4901960784,18.9215686275,18.9215686275,19.3137254902,20.4901960784,18.9215686275,18.9215686275,
133,14.8039215686,14.8039215686,14.8039215686,20.9803921569,14.4117647059,14.8039215686,14.7058823529,14.8039215686,
134,15.8823529412,16.6666666667,15.8823529412,15.8823529412,15.9803921569,15.8823529412,15.8823529412,15.8823529412,
135,22.3529411765,22.3529411765,22.3529411765,23.1372549020,22.3529411765,22.3529411765,9.80392156863,24.1176470588,
136,5.98039215686,5.98039215686,5.98039215686,5.98039215686,5.98039215686,5.98039215686,5.88235294118,4.01960784314,
137,2.84313725490,4.01960784314,5.58823529412,5.49019607843,11.8627450980,5.58823529412,5.58823529412,5.78431372549,
138,24.5098039216,21.3725490196,11.9607843137,24.5098039216,24.5098039216,24.9019607843,24.9019607843,24.9019607843,
139,20.3921568627,20.3921568627,8.23529411765,18.8235294118,20.3921568627,20.3921568627,8.23529411765,20.3921568627,
140,15.7843137255,22.0588235294,15.9803921569,22.0588235294,22.0588235294,9.50980392157,22.0588235294,22.0588235294,
141,11.8627450980,9.50980392157,9.70588235294,9.50980392157,22.8431372549,11.0784313725,9.50980392157,9.50980392157,
142,2.25490196078,2.25490196078,2.64705882353,14.8039215686,2.05882352941,3.03921568627,2.15686274510,2.25490196078,
143,22.0588235294,22.7450980392,21.9607843137,21.9607843137,21.9607843137,21.9607843137,22.3529411765,21.9607843137,
144,16.4705882353,3.92156862745,16.4705882353,3.92156862745,3.92156862745,16.5686274510,3.92156862745,4.31372549020,
145,16.3725490196,16.3725490196,17.7450980392,16.3725490196,15.8823529412,15.9803921569,16.3725490196,16.3725490196,
146,21.7647058824,21.8627450980,9.21568627451,21.7647058824,21.7647058824,21.7647058824,15.4901960784,21.7647058824,
147,9.31372549020,7.54901960784,10.5882352941,7.54901960784,0.490196078431,7.54901960784,23.1372549020,7.15686274510,
148,18.0392156863,18.0392156863,17.3529411765,18.0392156863,16.4705882353,14.9019607843,14.9019607843,18.0392156863,
149,19.6078431373,6.27450980392,10.9803921569,6.27450980392,6.27450980392,6.27450980392,7.25490196078,6.27450980392,
150,10.4901960784,9.60784313725,10.3921568627,10.3921568627,7.15686274510,10.3921568627,11.9607843137,22.9411764706,
151,22.0588235294,22.2549019608,22.0588235294,22.0588235294,22.0588235294,22.0588235294,12.6470588235,20.6862745098,
152,19.3137254902,19.3137254902,19.3137254902,13.0392156863,19.3137254902,19.3137254902,19.3137254902,19.3137254902,
153,3.62745098039,3.23529411765,3.23529411765,3.92156862745,3.13725490196,3.23529411765,15.7843137255,0.686274509804,
154,17.3529411765,16.1764705882,15.7843137255,16.5686274510,3.23529411765,15.7843137255,15.7843137255,15.7843137255,
155,22.9411764706,24.5098039216,24.9019607843,24.5098039216,11.9607843137,24.9019607843,22.9411764706,24.5098039216,
156,0.0980392156863,0.0980392156863,0.0980392156863,0.490196078431,0.0980392156863,0.0980392156863,0.0980392156863,2.45098039216,
157,4.70588235294,3.92156862745,4.70588235294,2.35294117647,5.49019607843,5.49019607843,5.88235294118,11.7647058824,
158,9.01960784314,8.23529411765,11.7647058824,9.01960784314,9.01960784314,9.01960784314,9.01960784314,9.01960784314,
159,24.5098039216,21.4705882353,24.5098039216,24.5098039216,24.5098039216,18.2352941176,24.5098039216,11.9607843137,
160,8.52941176471,8.52941176471,8.52941176471,6.96078431373,8.52941176471,8.52941176471,8.52941176471,8.52941176471,
161,13.0392156863,2.84313725490,15.0,5.98039215686,15.3921568627,2.84313725490,15.2941176471,15.3921568627,
162,14.7058823529,13.1372549020,14.7058823529,14.7058823529,14.5098039216,14.7058823529,14.3137254902,14.7058823529,
163,1.96078431373,1.96078431373,1.96078431373,1.96078431373,8.23529411765,1.96078431373,1.96078431373,8.23529411765,
164,7.35294117647,7.35294117647,9.70588235294,7.35294117647,7.35294117647,7.35294117647,7.35294117647,10.4901960784,
165,11.4705882353,11.5686274510,2.05882352941,5.98039215686,11.4705882353,11.4705882353,9.90196078431,11.4705882353,
166,20.8823529412,14.8039215686,20.4901960784,20.8823529412,8.33333333333,21.0784313725,14.8039215686,20.8823529412,
167,6.86274509804,19.3137254902,8.52941176471,19.3137254902,19.5098039216,19.5098039216,19.5098039216,19.5098039216,
168,11.0784313725,11.8627450980,24.4117647059,11.0784313725,11.8627450980,11.8627450980,11.0784313725,11.2745098039,
169,18.1372549020,24.8039215686,24.4117647059,21.2745098039,24.4117647059,24.4117647059,22.8431372549,24.4117647059,
170,5.09803921569,4.90196078431,5.29411764706,9.60784313725,17.4509803922,4.90196078431,4.90196078431,3.72549019608,
171,20.5882352941,20.5882352941,20.5882352941,20.5882352941,20.5882352941,6.47058823529,20.5882352941,8.03921568627,
172,12.9411764706,15.2941176471,14.9019607843,18.4313725490,15.2941176471,15.2941176471,13.3333333333,15.2941176471,
173,5.58823529412,5.58823529412,18.3333333333,4.01960784314,5.58823529412,5.58823529412,5.58823529412,5.58823529412,
174,16.7647058824,13.5294117647,12.7450980392,16.6666666667,16.5686274510,16.6666666667,17.1568627451,17.1568627451,
175,19.4117647059,22.5490196078,22.5490196078,20.9803921569,23.5294117647,6.86274509804,19.4117647059,19.4117647059,
176,14.5098039216,20.9803921569,14.5098039216,14.5098039216,14.5098039216,15.2941176471,7.84313725490,14.5098039216,
177,12.6470588235,13.4313725490,14.2156862745,12.6470588235,12.6470588235,12.6470588235,19.3137254902,12.6470588235,
178,18.6274509804,15.4901960784,18.6274509804,18.6274509804,24.9019607843,18.4313725490,18.6274509804,18.6274509804,
179,1.27450980392,1.27450980392,1.27450980392,1.27450980392,1.27450980392,0.882352941176,1.27450980392,1.27450980392,
180,12.1568627451,12.1568627451,12.1568627451,5.19607843137,12.1568627451,10.9803921569,12.1568627451,10.6862745098,
181,23.5294117647,17.3529411765,23.6274509804,23.6274509804,11.4705882353,11.1764705882,24.0196078431,23.6274509804,
182,6.37254901961,6.37254901961,18.9215686275,6.37254901961,6.37254901961,18.9215686275,6.37254901961,6.86274509804,
183,21.0784313725,20.8823529412,24.2156862745,21.0784313725,21.0784313725,20.8823529412,20.8823529412,20.9803921569,
184,12.9411764706,14.7058823529,14.7058823529,2.74509803922,5.29411764706,15.4901960784,20.9803921569,14.3137254902,
185,15.0,15.0,15.0,15.0,15.0,15.0,2.45098039216,13.4313725490,
186,6.56862745098,9.70588235294,13.4313725490,6.47058823529,6.96078431373,6.47058823529,6.56862745098,9.70588235294,
187,6.56862745098,19.1176470588,19.1176470588,19.1176470588,20.8823529412,12.8431372549,14.0196078431,6.56862745098,
188,6.17647058824,5.98039215686,18.1372549020,2.84313725490,5.98039215686,5.98039215686,5.98039215686,5.98039215686,
189,9.50980392157,9.50980392157,9.50980392157,9.50980392157,9.50980392157,3.23529411765,9.90196078431,11.0784313725,
190,20.0980392157,18.9215686275,18.9215686275,18.9215686275,18.9215686275,19.1176470588,18.9215686275,12.5490196078,
191,11.0784313725,20.0,13.7254901961,22.8431372549,13.7254901961,6.56862745098,12.9411764706,3.72549019608,
192,11.2745098039,15.4901960784,9.01960784314,22.4509803922,6.86274509804,1.07843137255,5.88235294118,13.9215686275,
193,22.0588235294,12.9411764706,7.25490196078,6.17647058824,9.70588235294,1.47058823529,7.15686274510,7.05882352941,
194,0.686274509804,10.0980392157,10.1960784314,12.5490196078,0.490196078431,9.01960784314,12.2549019608,21.8627450980,
195,22.4509803922,3.03921568627,2.54901960784,20.0980392157,14.9019607843,14.9019607843,5.78431372549,24.9019607843,
196,8.52941176471,11.3725490196,24.4117647059,8.33333333333,14.9019607843,4.60784313725,16.6666666667,5.88235294118,
197,15.8823529412,23.7254901961,24.5098039216,5.78431372549,20.4901960784,20.0980392157,1.47058823529,16.1764705882,
198,6.56862745098,0.294117647059,1.27450980392,24.9019607843,4.11764705882,9.21568627451,4.31372549020,14.1176470588,
199,20.3921568627,9.70588235294,13.3333333333,4.31372549020,0.294117647059,12.3529411765,22.2549019608,24.3137254902,

Population fitness value 
0,0
1,0
2,0
3,0
4,0
5,0
6,0
7,0
8,0
9,0
10,0
11,0
12,0
13,0
14,0
15,0
16,0
17,0
18,0
19,0
20,0
21,0
22,0
23,0
24,0
25,0
26,0
27,0
28,0
29,0
30,0
31,0
32,0
33,0
34,0
35,0
36,0
37,0
38,0
39,0
40,0
41,0
42,0
43,0
44,0
45,0
46,0
47,0
48,0
49,0
50,0
51,0
52,0
53,0
54,0
55,0
56,0
57,0
58,0
59,0
60,0
61,0
62,0
63,0
64,0
65,0
66,0
67,0
68,0
69,0
70,0
71,0
72,0
73,0
74,0
75,0
76,0
77,0
78,0
79,0
80,0
81,0
82,0
83,0
84,0
85,0
86,0
87,0
88,0
89,0
90,0
91,0
92,0
93,0
94,0
95,0
96,0
97,0
98,0
99,0
100,0
101,0
102,0
103,0
104,0
105,0
106,0
107,0
108,0
109,0
110,0
111,0
112,0
113,0
114,0
115,0
116,0
117,0
118,0
119,0
120,0
121,0
122,0
123,0
124,0
125,0
126,0
127,0
128,0
129,0
130,0
131,0
132,0
133,0
134,0
135,0
136,0
137,0
138,0
139,0
140,0
141,0
142,0
143,0
144,0
145,0
146,0
147,0
148,0
149,0
150,0
151,0
152,0
153,0
154,0
155,0
156,0
157,0
158,0
159,0
160,0
161,0
162,0
163,0
164,0
165,0
166,0
167,0
168,0
169,0
170,0
171,0
172,0
173,0
174,0
175,0
176,0
177,0
178,0
179,0
180,0
181,0
182,0
183,0
184,0
185,0
186,0
187,0
188,0
189,0
190,0
191,0
192,0
193,0
194,0
195,0
196,0
197,0
198,0
199,0


