Generation 
38

Number of individuals per generation
200

Population scaled variables 
0,12.3529411765,11.9607843137,11.7647058824,11.9607843137,11.9607843137,11.9607843137,11.9607843137,11.9607843137,
1,7.94117647059,7.94117647059,7.94117647059,7.84313725490,8.13725490196,20.4901960784,7.94117647059,6.76470588235,
2,20.0980392157,6.56862745098,10.8823529412,7.35294117647,7.74509803922,7.74509803922,7.74509803922,20.2941176471,
3,9.41176470588,11.3725490196,9.80392156863,8.03921568627,9.90196078431,9.90196078431,24.0196078431,10.0,
4,22.8431372549,15.6862745098,16.4705882353,16.8627450980,16.4705882353,16.4705882353,16.4705882353,13.3333333333,
5,18.7254901961,17.9411764706,18.3333333333,18.7254901961,18.7254901961,15.5882352941,18.7254901961,20.2941176471,
6,7.35294117647,7.35294117647,7.35294117647,7.35294117647,7.35294117647,7.35294117647,8.92156862745,10.8823529412,
7,8.43137254902,6.47058823529,8.23529411765,8.43137254902,8.43137254902,20.9803921569,6.86274509804,11.5686274510,
8,0.588235294118,0.588235294118,0.588235294118,0.588235294118,0.588235294118,0.588235294118,1.37254901961,0.588235294118,
9,15.4901960784,6.17647058824,18.6274509804,18.6274509804,6.07843137255,18.6274509804,18.2352941176,18.6274509804,
10,5.39215686275,2.25490196078,5.39215686275,2.25490196078,6.17647058824,5.0,2.25490196078,1.86274509804,
11,4.70588235294,12.3529411765,10.9803921569,11.1764705882,10.9803921569,11.7647058824,10.9803921569,11.0784313725,
12,18.2352941176,18.2352941176,18.2352941176,18.6274509804,18.2352941176,18.2352941176,18.3333333333,18.2352941176,
13,3.52941176471,3.52941176471,9.80392156863,4.31372549020,3.62745098039,3.52941176471,3.62745098039,3.52941176471,
14,3.92156862745,3.92156862745,3.92156862745,5.49019607843,10.5882352941,3.92156862745,4.01960784314,3.92156862745,
15,11.0784313725,11.0784313725,4.80392156863,11.0784313725,11.8627450980,11.0784313725,11.0784313725,11.0784313725,
16,3.43137254902,5.0,15.9803921569,3.43137254902,5.0,3.23529411765,4.21568627451,3.43137254902,
17,4.31372549020,1.17647058824,1.17647058824,0.0,4.31372549020,0.392156862745,0.392156862745,2.74509803922,
18,7.54901960784,0.490196078431,9.90196078431,6.76470588235,6.76470588235,6.76470588235,10.0980392157,6.76470588235,
19,15.8823529412,15.8823529412,16.2745098039,22.2549019608,16.6666666667,15.8823529412,22.1568627451,15.8823529412,
20,14.6078431373,20.8823529412,14.8039215686,19.3137254902,18.5294117647,24.0196078431,14.6078431373,20.8823529412,
21,6.66666666667,6.66666666667,7.84313725490,6.66666666667,6.66666666667,6.37254901961,6.66666666667,10.5882352941,
22,22.7450980392,22.7450980392,23.1372549020,22.7450980392,22.7450980392,22.7450980392,19.6078431373,18.0392156863,
23,8.33333333333,8.52941176471,11.6666666667,21.0784313725,8.52941176471,8.52941176471,8.52941176471,8.52941176471,
24,23.5294117647,23.5294117647,18.8235294118,23.5294117647,23.5294117647,23.5294117647,23.5294117647,23.5294117647,
25,12.8431372549,0.294117647059,20.6862745098,12.8431372549,12.6470588235,0.294117647059,12.8431372549,13.2352941176,
26,6.27450980392,9.41176470588,6.27450980392,6.27450980392,3.13725490196,6.27450980392,9.41176470588,6.27450980392,
27,5.49019607843,5.49019607843,5.49019607843,5.49019607843,5.49019607843,5.49019607843,4.70588235294,5.58823529412,
28,5.58823529412,3.92156862745,5.58823529412,4.01960784314,4.01960784314,4.41176470588,4.01960784314,4.01960784314,
29,15.4901960784,13.1372549020,0.588235294118,13.5294117647,13.1372549020,13.1372549020,0.588235294118,16.0784313725,
30,19.2156862745,18.8235294118,22.3529411765,22.3529411765,20.3921568627,22.3529411765,23.9215686275,9.80392156863,
31,9.50980392157,11.2745098039,11.4705882353,11.0784313725,9.50980392157,9.50980392157,11.2745098039,11.0784313725,
32,8.52941176471,7.74509803922,6.96078431373,7.35294117647,6.96078431373,6.96078431373,6.96078431373,9.31372549020,
33,12.0588235294,12.0588235294,10.4901960784,12.0588235294,11.8627450980,12.0588235294,12.0588235294,11.2745098039,
34,0.490196078431,0.490196078431,0.490196078431,0.490196078431,0.392156862745,9.90196078431,13.0392156863,3.62745098039,
35,21.1764705882,12.1568627451,21.5686274510,21.5686274510,21.5686274510,21.5686274510,14.5098039216,24.7058823529,
36,16.1764705882,22.3529411765,22.4509803922,22.4509803922,22.4509803922,24.2156862745,22.4509803922,22.0588235294,
37,5.39215686275,18.7254901961,6.17647058824,6.17647058824,6.17647058824,6.17647058824,5.88235294118,6.17647058824,
38,10.2941176471,11.8627450980,10.2941176471,10.2941176471,10.2941176471,10.2941176471,11.8627450980,10.2941176471,
39,6.37254901961,6.37254901961,9.50980392157,6.56862745098,7.15686274510,6.37254901961,22.0588235294,19.1176470588,
40,8.13725490196,8.13725490196,11.2745098039,8.72549019608,8.13725490196,8.13725490196,5.0,8.13725490196,
41,20.2941176471,21.8627450980,21.8627450980,21.8627450980,21.0784313725,21.8627450980,21.8627450980,21.8627450980,
42,21.6666666667,6.76470588235,21.6666666667,21.6666666667,21.8627450980,21.6666666667,9.11764705882,21.6666666667,
43,15.9803921569,12.6470588235,12.7450980392,12.8431372549,15.9803921569,12.7450980392,12.8431372549,15.9803921569,
44,17.2549019608,17.2549019608,17.2549019608,23.5294117647,17.3529411765,2.74509803922,17.2549019608,17.2549019608,
45,2.74509803922,5.88235294118,2.74509803922,2.35294117647,2.74509803922,2.74509803922,15.2941176471,15.2941176471,
46,18.6274509804,24.1176470588,24.1176470588,10.9803921569,24.1176470588,14.7058823529,24.1176470588,14.7058823529,
47,22.5490196078,16.2745098039,18.6274509804,16.2745098039,17.8431372549,16.2745098039,17.8431372549,16.2745098039,
48,21.7647058824,19.0196078431,6.27450980392,19.0196078431,19.0196078431,6.47058823529,19.0196078431,6.47058823529,
49,0.686274509804,6.96078431373,1.47058823529,0.686274509804,3.82352941176,0.686274509804,0.588235294118,0.686274509804,
50,12.7450980392,12.7450980392,12.7450980392,12.7450980392,12.7450980392,12.7450980392,19.0196078431,12.7450980392,
51,11.0784313725,24.3137254902,10.9803921569,11.0784313725,11.0784313725,11.0784313725,11.0784313725,11.0784313725,
52,3.23529411765,3.62745098039,3.13725490196,3.82352941176,3.23529411765,3.23529411765,3.23529411765,3.23529411765,
53,19.0196078431,19.0196078431,19.1176470588,19.1176470588,19.0196078431,18.8235294118,19.0196078431,19.9019607843,
54,20.0,13.7254901961,13.7254901961,1.17647058824,20.0,20.0,20.0,20.0,
55,4.90196078431,5.0,5.0,5.0,5.0,1.86274509804,5.0,5.0,
56,8.72549019608,9.11764705882,8.72549019608,21.2745098039,11.8627450980,8.62745098039,8.72549019608,8.72549019608,
57,11.5686274510,9.60784313725,11.2745098039,11.1764705882,11.1764705882,11.1764705882,23.7254901961,11.1764705882,
58,6.96078431373,6.76470588235,6.96078431373,6.96078431373,6.96078431373,6.96078431373,6.96078431373,6.96078431373,
59,17.8431372549,17.8431372549,17.8431372549,17.8431372549,17.9411764706,17.8431372549,17.8431372549,17.8431372549,
60,17.2549019608,18.0392156863,5.49019607843,15.6862745098,18.0392156863,17.2549019608,17.2549019608,17.2549019608,
61,19.7058823529,22.8431372549,23.2352941176,19.7058823529,22.8431372549,22.7450980392,22.8431372549,22.8431372549,
62,6.37254901961,6.37254901961,18.8235294118,6.37254901961,6.37254901961,6.37254901961,7.94117647059,7.94117647059,
63,20.0980392157,19.3137254902,13.2352941176,20.7843137255,19.3137254902,19.5098039216,19.3137254902,19.3137254902,
64,10.9803921569,6.66666666667,7.84313725490,7.84313725490,10.9803921569,7.84313725490,7.84313725490,6.47058823529,
65,15.1960784314,21.2745098039,15.0,15.0,15.3921568627,15.0,2.45098039216,15.0,
66,10.2941176471,11.8627450980,7.35294117647,10.6862745098,11.8627450980,5.58823529412,11.8627450980,11.8627450980,
67,17.4509803922,5.29411764706,5.09803921569,17.8431372549,4.90196078431,14.7058823529,17.7450980392,17.8431372549,
68,7.54901960784,7.45098039216,7.54901960784,7.54901960784,7.45098039216,3.62745098039,1.27450980392,7.54901960784,
69,15.6862745098,15.7843137255,12.5490196078,12.8431372549,22.7450980392,17.2549019608,15.6862745098,15.8823529412,
70,8.03921568627,8.03921568627,6.47058823529,8.03921568627,6.47058823529,8.03921568627,8.03921568627,8.03921568627,
71,17.6470588235,17.7450980392,24.0196078431,17.9411764706,17.7450980392,17.7450980392,17.9411764706,17.9411764706,
72,10.1960784314,10.2941176471,9.50980392157,10.6862745098,10.6862745098,10.1960784314,22.8431372549,10.2941176471,
73,22.4509803922,23.2352941176,22.4509803922,22.4509803922,22.4509803922,22.4509803922,23.2352941176,22.5490196078,
74,10.0980392157,10.0980392157,11.4705882353,9.70588235294,11.6666666667,22.6470588235,3.82352941176,10.0980392157,
75,5.68627450980,2.54901960784,18.2352941176,16.6666666667,5.68627450980,5.68627450980,5.68627450980,4.11764705882,
76,13.2352941176,2.45098039216,0.686274509804,0.686274509804,0.686274509804,0.686274509804,2.25490196078,0.686274509804,
77,10.9803921569,23.5294117647,22.0588235294,23.5294117647,23.5294117647,23.6274509804,11.0784313725,23.6274509804,
78,5.09803921569,11.4705882353,11.4705882353,11.2745098039,11.3725490196,11.4705882353,14.6078431373,11.4705882353,
79,5.29411764706,5.39215686275,5.0,17.5490196078,1.96078431373,5.39215686275,4.90196078431,5.39215686275,
80,10.1960784314,10.1960784314,10.1960784314,11.7647058824,10.1960784314,10.1960784314,10.3921568627,21.9607843137,
81,9.11764705882,20.2941176471,20.0980392157,19.7058823529,20.0,7.54901960784,20.0980392157,20.0980392157,
82,0.980392156863,1.07843137255,1.07843137255,10.3921568627,1.07843137255,0.980392156863,1.07843137255,1.47058823529,
83,11.1764705882,9.60784313725,10.9803921569,4.90196078431,11.9607843137,11.1764705882,9.60784313725,11.1764705882,
84,19.2156862745,22.3529411765,21.9607843137,22.4509803922,22.3529411765,22.3529411765,22.3529411765,22.3529411765,
85,0.490196078431,0.490196078431,0.490196078431,0.490196078431,0.882352941176,0.294117647059,5.19607843137,0.490196078431,
86,11.2745098039,11.2745098039,24.6078431373,4.80392156863,11.2745098039,11.6666666667,8.13725490196,8.13725490196,
87,17.0588235294,17.1568627451,16.9607843137,17.1568627451,17.1568627451,16.3725490196,17.1568627451,17.1568627451,
88,17.7450980392,16.1764705882,17.9411764706,17.7450980392,5.19607843137,17.6470588235,17.7450980392,17.7450980392,
89,20.6862745098,20.5882352941,20.6862745098,23.8235294118,23.8235294118,14.4117647059,20.6862745098,20.5882352941,
90,14.1176470588,20.3921568627,14.1176470588,1.56862745098,14.1176470588,14.2156862745,1.56862745098,14.1176470588,
91,24.8039215686,25.0,24.4117647059,24.8039215686,21.6666666667,24.8039215686,18.5294117647,21.2745098039,
92,24.1176470588,11.5686274510,24.1176470588,24.1176470588,21.7647058824,24.1176470588,17.8431372549,24.1176470588,
93,20.5882352941,10.0,19.4117647059,22.5490196078,22.5490196078,22.5490196078,22.5490196078,22.5490196078,
94,11.6666666667,11.6666666667,11.2745098039,11.6666666667,11.2745098039,11.2745098039,11.5686274510,22.6470588235,
95,12.7450980392,12.6470588235,0.294117647059,13.2352941176,14.4117647059,12.7450980392,13.6274509804,12.8431372549,
96,1.76470588235,23.8235294118,23.8235294118,5.0,23.8235294118,11.2745098039,23.8235294118,12.0588235294,
97,19.0196078431,22.5490196078,19.4117647059,19.4117647059,19.0196078431,19.4117647059,20.9803921569,19.4117647059,
98,15.2941176471,15.2941176471,15.2941176471,15.2941176471,15.4901960784,15.2941176471,18.4313725490,15.2941176471,
99,20.8823529412,8.33333333333,7.94117647059,8.23529411765,8.33333333333,8.33333333333,20.8823529412,8.33333333333,
100,14.5098039216,8.23529411765,20.7843137255,8.23529411765,1.96078431373,8.23529411765,8.23529411765,8.23529411765,
101,24.9019607843,18.6274509804,24.9019607843,12.1568627451,24.5098039216,23.4313725490,24.9019607843,24.7058823529,
102,14.9019607843,1.56862745098,1.56862745098,1.56862745098,1.56862745098,1.56862745098,1.56862745098,4.70588235294,
103,23.6274509804,11.4705882353,11.0784313725,4.80392156863,11.4705882353,11.0784313725,11.0784313725,11.0784313725,
104,4.90196078431,18.2352941176,5.68627450980,5.68627450980,5.68627450980,5.78431372549,5.68627450980,5.68627450980,
105,21.7647058824,9.21568627451,15.4901960784,15.5882352941,21.7647058824,8.23529411765,21.7647058824,21.7647058824,
106,7.35294117647,7.35294117647,8.92156862745,7.74509803922,0.882352941176,1.07843137255,7.35294117647,7.35294117647,
107,3.82352941176,5.0,5.0,5.0,4.80392156863,1.86274509804,4.80392156863,23.8235294118,
108,9.50980392157,9.50980392157,9.50980392157,10.6862745098,7.35294117647,9.50980392157,9.50980392157,9.50980392157,
109,12.5490196078,3.13725490196,0.0,0.0,6.27450980392,0.0,0.0,0.392156862745,
110,16.3725490196,16.3725490196,15.9803921569,13.2352941176,16.3725490196,12.8431372549,13.2352941176,16.3725490196,
111,9.31372549020,9.31372549020,3.03921568627,9.31372549020,9.21568627451,9.31372549020,9.31372549020,2.84313725490,
112,21.2745098039,20.3921568627,23.5294117647,20.3921568627,23.5294117647,20.3921568627,20.3921568627,20.4901960784,
113,5.39215686275,1.86274509804,8.52941176471,2.25490196078,14.8039215686,2.25490196078,2.25490196078,2.25490196078,
114,16.8627450980,4.31372549020,23.1372549020,16.8627450980,23.1372549020,17.0588235294,16.8627450980,4.31372549020,
115,5.19607843137,4.80392156863,4.80392156863,4.70588235294,11.0784313725,0.882352941176,11.0784313725,17.3529411765,
116,12.8431372549,13.2352941176,13.0392156863,13.2352941176,13.2352941176,16.3725490196,13.2352941176,0.686274509804,
117,20.3921568627,20.4901960784,11.0784313725,7.94117647059,6.76470588235,21.2745098039,6.37254901961,1.66666666667,
118,20.1960784314,20.1960784314,20.1960784314,20.1960784314,20.1960784314,7.64705882353,20.1960784314,23.3333333333,
119,22.8431372549,22.0588235294,10.2941176471,22.0588235294,22.0588235294,22.0588235294,22.0588235294,15.7843137255,
120,3.33333333333,9.60784313725,9.70588235294,9.60784313725,9.60784313725,9.60784313725,4.11764705882,6.47058823529,
121,23.1372549020,19.2156862745,19.2156862745,19.2156862745,22.4509803922,19.4117647059,20.7843137255,20.7843137255,
122,20.3921568627,20.4901960784,18.8235294118,20.3921568627,20.5882352941,23.5294117647,20.3921568627,23.5294117647,
123,2.94117647059,9.21568627451,9.21568627451,7.64705882353,9.21568627451,9.21568627451,8.82352941176,9.31372549020,
124,0.588235294118,0.588235294118,9.70588235294,0.686274509804,0.392156862745,0.686274509804,0.588235294118,0.686274509804,
125,19.9019607843,21.4705882353,21.4705882353,21.2745098039,21.4705882353,21.4705882353,20.6862745098,15.0980392157,
126,22.4509803922,22.4509803922,22.4509803922,22.4509803922,22.4509803922,16.1764705882,22.6470588235,23.2352941176,
127,6.86274509804,18.8235294118,6.86274509804,6.86274509804,0.588235294118,6.86274509804,0.588235294118,6.86274509804,
128,4.70588235294,9.50980392157,0.0980392156863,3.23529411765,3.23529411765,3.13725490196,3.23529411765,3.43137254902,
129,11.6666666667,11.6666666667,10.0980392157,11.6666666667,11.6666666667,11.6666666667,11.6666666667,24.2156862745,
130,10.1960784314,10.1960784314,6.27450980392,10.1960784314,10.1960784314,10.1960784314,11.0784313725,9.41176470588,
131,18.0392156863,24.3137254902,11.7647058824,24.3137254902,24.3137254902,24.3137254902,24.3137254902,22.7450980392,
132,24.2156862745,11.5686274510,11.6666666667,21.0784313725,11.2745098039,10.0980392157,11.6666666667,11.6666666667,
133,0.294117647059,20.6862745098,19.0196078431,11.6666666667,8.13725490196,9.70588235294,6.56862745098,6.56862745098,
134,6.96078431373,8.13725490196,21.4705882353,8.52941176471,21.0784313725,6.56862745098,8.33333333333,8.52941176471,
135,3.82352941176,4.41176470588,3.62745098039,3.82352941176,3.82352941176,3.62745098039,3.82352941176,3.82352941176,
136,5.88235294118,6.07843137255,5.68627450980,18.6274509804,6.07843137255,4.31372549020,2.94117647059,6.07843137255,
137,19.4117647059,19.4117647059,20.1960784314,19.4117647059,20.1960784314,20.1960784314,19.4117647059,19.4117647059,
138,14.6078431373,14.5098039216,14.6078431373,20.8823529412,13.8235294118,15.3921568627,13.0392156863,14.6078431373,
139,1.47058823529,1.47058823529,1.47058823529,1.47058823529,1.47058823529,14.0196078431,1.47058823529,1.47058823529,
140,20.6862745098,20.6862745098,19.9019607843,20.6862745098,23.8235294118,8.52941176471,11.2745098039,20.6862745098,
141,12.4509803922,25.0,12.3529411765,25.0,25.0,24.9019607843,21.8627450980,25.0,
142,0.0,12.5490196078,1.56862745098,15.6862745098,3.13725490196,0.0,0.0,0.0,
143,2.15686274510,14.8039215686,2.05882352941,3.03921568627,2.25490196078,2.25490196078,1.47058823529,2.25490196078,
144,10.8823529412,10.8823529412,10.4901960784,10.8823529412,10.8823529412,10.8823529412,10.8823529412,12.4509803922,
145,12.0588235294,12.0588235294,11.5686274510,12.3529411765,8.92156862745,12.0588235294,8.92156862745,12.0588235294,
146,14.7058823529,14.7058823529,21.0784313725,14.3137254902,14.7058823529,17.8431372549,14.8039215686,14.7058823529,
147,4.11764705882,16.4705882353,3.92156862745,5.49019607843,4.31372549020,3.92156862745,5.68627450980,3.92156862745,
148,22.3529411765,22.3529411765,16.0784313725,22.4509803922,23.1372549020,22.3529411765,21.9607843137,22.3529411765,
149,9.50980392157,9.50980392157,9.41176470588,9.50980392157,6.37254901961,6.37254901961,10.4901960784,11.0784313725,
150,19.3137254902,19.1176470588,19.1176470588,6.56862745098,19.5098039216,19.1176470588,19.1176470588,18.9215686275,
151,5.19607843137,17.7450980392,5.19607843137,17.7450980392,5.09803921569,5.19607843137,11.4705882353,5.09803921569,
152,10.9803921569,11.4705882353,11.0784313725,23.8235294118,11.0784313725,10.9803921569,11.0784313725,11.0784313725,
153,23.8235294118,18.3333333333,24.4117647059,24.6078431373,24.8039215686,12.0588235294,24.6078431373,21.3725490196,
154,15.6862745098,14.2156862745,17.3529411765,17.3529411765,14.2156862745,17.3529411765,17.3529411765,17.3529411765,
155,11.1764705882,4.90196078431,4.90196078431,4.70588235294,4.90196078431,4.80392156863,4.90196078431,4.90196078431,
156,21.4705882353,21.4705882353,21.4705882353,21.4705882353,21.4705882353,21.4705882353,21.4705882353,21.4705882353,
157,0.588235294118,1.76470588235,0.686274509804,0.588235294118,0.588235294118,0.588235294118,0.588235294118,12.7450980392,
158,2.25490196078,1.47058823529,9.31372549020,2.25490196078,2.25490196078,2.25490196078,1.66666666667,3.03921568627,
159,17.7450980392,17.7450980392,17.7450980392,18.5294117647,24.0196078431,17.3529411765,18.4313725490,17.7450980392,
160,20.8823529412,14.5098039216,14.6078431373,14.8039215686,14.6078431373,17.7450980392,14.2156862745,2.05882352941,
161,5.58823529412,12.0588235294,4.90196078431,12.4509803922,12.0588235294,12.0588235294,10.4901960784,8.92156862745,
162,16.6666666667,22.9411764706,22.9411764706,19.6078431373,22.9411764706,23.0392156863,16.6666666667,22.9411764706,
163,9.60784313725,3.33333333333,9.70588235294,9.60784313725,9.60784313725,9.60784313725,9.60784313725,3.33333333333,
164,4.11764705882,4.21568627451,10.3921568627,3.72549019608,4.11764705882,0.196078431373,10.7843137255,4.21568627451,
165,11.4705882353,11.4705882353,11.5686274510,11.4705882353,11.6666666667,11.4705882353,24.0196078431,11.4705882353,
166,11.1764705882,11.5686274510,11.3725490196,11.5686274510,10.0,11.5686274510,11.5686274510,11.5686274510,
167,11.5686274510,8.52941176471,8.43137254902,8.43137254902,7.84313725490,11.5686274510,8.52941176471,8.23529411765,
168,8.92156862745,6.37254901961,8.13725490196,8.03921568627,6.56862745098,8.13725490196,8.52941176471,6.56862745098,
169,8.92156862745,8.13725490196,8.82352941176,19.9019607843,8.92156862745,15.1960784314,8.13725490196,11.8627450980,
170,0.588235294118,6.66666666667,0.588235294118,0.588235294118,0.588235294118,12.9411764706,0.588235294118,1.47058823529,
171,19.9019607843,21.8627450980,8.52941176471,3.03921568627,3.03921568627,25.0,21.4705882353,20.2941176471,
172,16.3725490196,16.3725490196,22.6470588235,16.3725490196,16.3725490196,16.3725490196,16.3725490196,16.3725490196,
173,15.9803921569,12.6470588235,14.2156862745,0.0980392156863,12.6470588235,12.6470588235,19.7058823529,12.5490196078,
174,15.3921568627,13.0392156863,16.1764705882,14.6078431373,15.7843137255,12.6470588235,13.0392156863,16.3725490196,
175,22.2549019608,23.8235294118,22.2549019608,23.8235294118,22.2549019608,23.7254901961,22.2549019608,17.3529411765,
176,7.25490196078,21.3725490196,7.64705882353,10.3921568627,7.05882352941,7.25490196078,7.25490196078,7.25490196078,
177,16.7647058824,16.5686274510,16.5686274510,16.5686274510,16.4705882353,16.5686274510,16.5686274510,16.5686274510,
178,5.19607843137,5.19607843137,8.33333333333,11.3725490196,9.90196078431,5.19607843137,17.7450980392,11.4705882353,
179,11.3725490196,12.1568627451,2.74509803922,10.5882352941,12.1568627451,12.1568627451,24.9019607843,9.01960784314,
180,4.21568627451,3.23529411765,3.23529411765,3.23529411765,3.43137254902,3.23529411765,3.23529411765,0.0980392156863,
181,21.0784313725,21.0784313725,14.8039215686,21.0784313725,21.0784313725,21.0784313725,21.8627450980,20.8823529412,
182,4.21568627451,4.60784313725,4.60784313725,4.60784313725,1.07843137255,4.41176470588,4.50980392157,5.88235294118,
183,20.7843137255,20.9803921569,8.03921568627,20.9803921569,19.4117647059,21.0784313725,20.9803921569,22.5490196078,
184,9.01960784314,9.21568627451,9.01960784314,9.01960784314,9.01960784314,9.01960784314,9.01960784314,9.01960784314,
185,15.0980392157,1.56862745098,14.1176470588,2.35294117647,2.54901960784,2.94117647059,2.35294117647,5.49019607843,
186,1.96078431373,1.96078431373,2.74509803922,5.09803921569,1.96078431373,5.09803921569,2.15686274510,1.56862745098,
187,14.0196078431,20.2941176471,14.0196078431,14.0196078431,13.2352941176,17.1568627451,14.0196078431,14.0196078431,
188,18.0392156863,18.0392156863,18.0392156863,5.49019607843,18.0392156863,15.2941176471,18.0392156863,18.0392156863,
189,4.90196078431,18.2352941176,17.4509803922,17.4509803922,17.9411764706,15.8823529412,17.4509803922,3.43137254902,
190,9.21568627451,21.6666666667,21.6666666667,21.6666666667,15.0,21.6666666667,21.6666666667,21.6666666667,
191,11.0784313725,20.0,13.7254901961,22.8431372549,13.7254901961,6.56862745098,12.9411764706,3.72549019608,
192,11.2745098039,15.4901960784,9.01960784314,22.4509803922,6.86274509804,1.07843137255,5.88235294118,13.9215686275,
193,22.0588235294,12.9411764706,7.25490196078,6.17647058824,9.70588235294,1.47058823529,7.15686274510,7.05882352941,
194,0.686274509804,10.0980392157,10.1960784314,12.5490196078,0.490196078431,9.01960784314,12.2549019608,21.8627450980,
195,22.4509803922,3.03921568627,2.54901960784,20.0980392157,14.9019607843,14.9019607843,5.78431372549,24.9019607843,
196,8.52941176471,11.3725490196,24.4117647059,8.33333333333,14.9019607843,4.60784313725,16.6666666667,5.88235294118,
197,15.8823529412,23.7254901961,24.5098039216,5.78431372549,20.4901960784,20.0980392157,1.47058823529,16.1764705882,
198,6.56862745098,0.294117647059,1.27450980392,24.9019607843,4.11764705882,9.21568627451,4.31372549020,14.1176470588,
199,20.3921568627,9.70588235294,13.3333333333,4.31372549020,0.294117647059,12.3529411765,22.2549019608,24.3137254902,

Population fitness value 
0,0
1,0
2,0
3,0
4,0
5,0
6,0
7,0
8,0
9,0
10,0
11,0
12,0
13,0
14,0
15,0
16,0
17,0
18,0
19,0
20,0
21,0
22,0
23,0
24,0
25,0
26,0
27,0
28,0
29,0
30,0
31,0
32,0
33,0
34,0
35,0
36,0
37,0
38,0
39,0
40,0
41,0
42,0
43,0
44,0
45,0
46,0
47,0
48,0
49,0
50,0
51,0
52,0
53,0
54,0
55,0
56,0
57,0
58,0
59,0
60,0
61,0
62,0
63,0
64,0
65,0
66,0
67,0
68,0
69,0
70,0
71,0
72,0
73,0
74,0
75,0
76,0
77,0
78,0
79,0
80,0
81,0
82,0
83,0
84,0
85,0
86,0
87,0
88,0
89,0
90,0
91,0
92,0
93,0
94,0
95,0
96,0
97,0
98,0
99,0
100,0
101,0
102,0
103,0
104,0
105,0
106,0
107,0
108,0
109,0
110,0
111,0
112,0
113,0
114,0
115,0
116,0
117,0
118,0
119,0
120,0
121,0
122,0
123,0
124,0
125,0
126,0
127,0
128,0
129,0
130,0
131,0
132,0
133,0
134,0
135,0
136,0
137,0
138,0
139,0
140,0
141,0
142,0
143,0
144,0
145,0
146,0
147,0
148,0
149,0
150,0
151,0
152,0
153,0
154,0
155,0
156,0
157,0
158,0
159,0
160,0
161,0
162,0
163,0
164,0
165,0
166,0
167,0
168,0
169,0
170,0
171,0
172,0
173,0
174,0
175,0
176,0
177,0
178,0
179,0
180,0
181,0
182,0
183,0
184,0
185,0
186,0
187,0
188,0
189,0
190,0
191,0
192,0
193,0
194,0
195,0
196,0
197,0
198,0
199,0


