Generation 
7

Number of individuals per generation
200

Population scaled variables 
0,17.7450980392,5.29411764706,17.6470588235,18.4313725490,17.6470588235,16.0784313725,17.6470588235,17.6470588235,
1,2.84313725490,1.27450980392,1.27450980392,2.84313725490,2.84313725490,2.84313725490,5.98039215686,2.84313725490,
2,0.980392156863,0.980392156863,0.980392156863,13.5294117647,4.11764705882,0.980392156863,0.980392156863,4.11764705882,
3,24.1176470588,17.8431372549,16.2745098039,24.1176470588,24.1176470588,24.1176470588,20.9803921569,16.2745098039,
4,4.60784313725,4.60784313725,4.60784313725,4.60784313725,4.21568627451,10.8823529412,4.41176470588,4.60784313725,
5,17.8431372549,18.6274509804,18.6274509804,18.6274509804,18.7254901961,18.6274509804,18.6274509804,18.7254901961,
6,21.1764705882,24.5098039216,21.5686274510,21.4705882353,20.5882352941,21.3725490196,15.0980392157,21.3725490196,
7,21.6666666667,7.54901960784,21.6666666667,21.6666666667,21.6666666667,21.6666666667,21.8627450980,21.6666666667,
8,10.5882352941,3.43137254902,10.0980392157,10.6862745098,12.2549019608,10.6862745098,23.2352941176,10.8823529412,
9,16.0784313725,22.0588235294,12.6470588235,15.7843137255,17.3529411765,15.7843137255,15.7843137255,15.7843137255,
10,12.0588235294,12.0588235294,12.0588235294,12.0588235294,12.0588235294,10.4901960784,11.6666666667,12.0588235294,
11,20.6862745098,21.0784313725,8.13725490196,20.6862745098,20.6862745098,20.6862745098,21.4705882353,21.4705882353,
12,10.7843137255,24.9019607843,22.3529411765,10.7843137255,10.7843137255,10.7843137255,10.7843137255,4.50980392157,
13,21.8627450980,21.4705882353,21.4705882353,21.8627450980,21.4705882353,21.4705882353,21.4705882353,21.4705882353,
14,0.980392156863,2.15686274510,2.94117647059,2.54901960784,2.94117647059,2.54901960784,2.94117647059,2.15686274510,
15,11.8627450980,5.58823529412,11.8627450980,11.8627450980,11.8627450980,11.0784313725,11.8627450980,11.8627450980,
16,6.17647058824,6.17647058824,6.17647058824,3.03921568627,5.39215686275,3.03921568627,4.60784313725,6.17647058824,
17,24.0196078431,23.8235294118,23.8235294118,21.0784313725,17.9411764706,24.2156862745,24.2156862745,24.2156862745,
18,3.13725490196,3.13725490196,3.13725490196,3.13725490196,15.6862745098,3.13725490196,3.13725490196,3.13725490196,
19,9.31372549020,8.52941176471,8.92156862745,21.0784313725,9.31372549020,21.8627450980,9.31372549020,9.31372549020,
20,7.15686274510,7.15686274510,10.4901960784,6.56862745098,8.92156862745,7.64705882353,7.35294117647,7.35294117647,
21,9.11764705882,9.31372549020,9.11764705882,9.11764705882,2.84313725490,9.11764705882,9.11764705882,7.54901960784,
22,22.1568627451,22.9411764706,22.9411764706,22.1568627451,23.0392156863,19.8039215686,22.9411764706,22.9411764706,
23,24.2156862745,24.2156862745,24.2156862745,21.9607843137,24.2156862745,24.2156862745,11.6666666667,24.2156862745,
24,1.76470588235,1.76470588235,1.76470588235,2.15686274510,0.196078431373,2.25490196078,1.56862745098,0.980392156863,
25,18.0392156863,16.4705882353,16.8627450980,16.8627450980,3.92156862745,16.4705882353,13.3333333333,16.4705882353,
26,6.37254901961,6.37254901961,6.37254901961,0.0980392156863,0.0980392156863,6.76470588235,7.94117647059,6.56862745098,
27,14.3137254902,14.4117647059,20.6862745098,19.1176470588,20.6862745098,20.6862745098,20.6862745098,21.4705882353,
28,21.9607843137,19.2156862745,22.3529411765,19.0196078431,9.80392156863,22.3529411765,22.3529411765,23.1372549020,
29,2.54901960784,1.76470588235,2.15686274510,1.76470588235,1.76470588235,1.76470588235,14.3137254902,0.0,
30,18.6274509804,17.0588235294,17.0588235294,13.9215686275,13.9215686275,15.8823529412,17.0588235294,17.0588235294,
31,21.0784313725,21.0784313725,14.8039215686,24.2156862745,21.0784313725,20.9803921569,21.0784313725,21.0784313725,
32,25.0,24.6078431373,11.8627450980,24.4117647059,24.4117647059,19.6078431373,24.6078431373,24.9019607843,
33,11.1764705882,8.03921568627,1.76470588235,1.76470588235,1.76470588235,8.03921568627,1.76470588235,8.03921568627,
34,0.392156862745,1.17647058824,3.52941176471,3.52941176471,3.52941176471,5.29411764706,3.72549019608,3.52941176471,
35,13.4313725490,13.8235294118,13.4313725490,13.4313725490,0.882352941176,13.4313725490,13.8235294118,13.4313725490,
36,4.90196078431,5.0,10.9803921569,4.90196078431,5.29411764706,4.90196078431,3.33333333333,4.11764705882,
37,24.1176470588,24.1176470588,23.9215686275,24.1176470588,17.4509803922,24.1176470588,10.7843137255,24.5098039216,
38,18.5294117647,18.6274509804,15.4901960784,18.6274509804,18.6274509804,17.0588235294,18.6274509804,24.9019607843,
39,15.1960784314,15.5882352941,2.64705882353,21.8627450980,15.5882352941,14.0196078431,15.5882352941,15.5882352941,
40,21.7647058824,21.5686274510,21.5686274510,14.5098039216,20.0,15.2941176471,21.5686274510,21.5686274510,
41,4.41176470588,4.41176470588,16.4705882353,0.78431372549,4.31372549020,4.31372549020,3.52941176471,4.31372549020,
42,15.9803921569,16.5686274510,15.7843137255,13.4313725490,18.1372549020,15.7843137255,15.7843137255,16.4705882353,
43,20.9803921569,20.9803921569,20.9803921569,20.9803921569,14.7058823529,8.43137254902,24.1176470588,20.9803921569,
44,21.5686274510,21.3725490196,14.9019607843,21.1764705882,21.1764705882,21.1764705882,14.9019607843,20.3921568627,
45,18.1372549020,14.1176470588,15.0,18.1372549020,18.1372549020,14.9019607843,18.1372549020,18.1372549020,
46,12.5490196078,12.5490196078,12.6470588235,12.5490196078,6.37254901961,12.5490196078,14.1176470588,12.6470588235,
47,5.78431372549,5.78431372549,5.68627450980,4.80392156863,5.78431372549,4.90196078431,5.78431372549,2.64705882353,
48,21.4705882353,15.1960784314,21.4705882353,21.4705882353,21.2745098039,21.4705882353,21.3725490196,15.1960784314,
49,23.7254901961,23.9215686275,24.1176470588,11.6666666667,24.1176470588,22.5490196078,24.1176470588,17.8431372549,
50,19.6078431373,19.6078431373,19.7058823529,19.6078431373,19.7058823529,7.05882352941,7.05882352941,19.6078431373,
51,18.1372549020,5.58823529412,18.1372549020,18.3333333333,16.5686274510,18.5294117647,16.5686274510,18.0392156863,
52,9.41176470588,9.41176470588,9.41176470588,9.41176470588,9.41176470588,9.41176470588,9.70588235294,9.60784313725,
53,21.9607843137,15.6862745098,15.6862745098,16.0784313725,15.6862745098,15.6862745098,17.2549019608,4.70588235294,
54,5.09803921569,5.39215686275,5.29411764706,5.09803921569,5.09803921569,11.3725490196,5.88235294118,16.0784313725,
55,23.0392156863,16.7647058824,15.9803921569,16.7647058824,16.7647058824,18.6274509804,16.7647058824,16.7647058824,
56,13.2352941176,13.2352941176,13.2352941176,13.2352941176,13.2352941176,13.2352941176,13.2352941176,13.2352941176,
57,3.92156862745,2.35294117647,3.92156862745,3.92156862745,3.92156862745,3.92156862745,0.78431372549,4.01960784314,
58,20.5882352941,14.3137254902,14.3137254902,14.3137254902,14.3137254902,14.1176470588,14.3137254902,17.2549019608,
59,23.9215686275,17.3529411765,17.3529411765,17.3529411765,15.7843137255,17.3529411765,4.80392156863,4.80392156863,
60,9.50980392157,4.80392156863,3.62745098039,3.23529411765,15.7843137255,9.50980392157,3.23529411765,4.80392156863,
61,19.0196078431,13.5294117647,15.8823529412,12.8431372549,12.7450980392,12.7450980392,12.7450980392,12.8431372549,
62,5.78431372549,3.92156862745,4.90196078431,2.54901960784,5.68627450980,6.07843137255,5.68627450980,4.11764705882,
63,7.05882352941,7.05882352941,7.05882352941,20.0,7.05882352941,7.05882352941,7.25490196078,8.62745098039,
64,1.56862745098,4.70588235294,4.70588235294,3.13725490196,1.56862745098,4.70588235294,3.13725490196,1.76470588235,
65,18.1372549020,18.4313725490,18.1372549020,16.5686274510,18.1372549020,18.1372549020,18.1372549020,17.3529411765,
66,22.6470588235,22.5490196078,22.1568627451,22.6470588235,22.6470588235,22.6470588235,22.4509803922,19.5098039216,
67,15.8823529412,3.13725490196,16.6666666667,5.68627450980,15.6862745098,14.3137254902,4.90196078431,17.4509803922,
68,3.62745098039,16.1764705882,3.62745098039,3.62745098039,9.90196078431,16.1764705882,7.94117647059,3.62745098039,
69,7.25490196078,6.47058823529,7.25490196078,7.05882352941,7.25490196078,7.25490196078,7.25490196078,7.25490196078,
70,23.2352941176,18.9215686275,21.2745098039,19.6078431373,19.7058823529,19.7058823529,19.7058823529,20.4901960784,
71,17.5490196078,23.6274509804,22.2549019608,11.1764705882,24.2156862745,23.8235294118,23.6274509804,23.8235294118,
72,23.7254901961,23.7254901961,23.5294117647,23.7254901961,20.9803921569,23.7254901961,23.7254901961,23.7254901961,
73,19.2156862745,19.2156862745,6.66666666667,19.2156862745,13.7254901961,19.2156862745,18.8235294118,12.9411764706,
74,19.3137254902,19.3137254902,18.9215686275,13.4313725490,18.9215686275,18.9215686275,22.0588235294,19.1176470588,
75,13.4313725490,13.8235294118,13.8235294118,13.7254901961,13.8235294118,13.8235294118,13.0392156863,13.8235294118,
76,13.4313725490,13.4313725490,13.4313725490,13.4313725490,13.4313725490,13.4313725490,13.4313725490,16.5686274510,
77,22.1568627451,19.8039215686,19.8039215686,19.9019607843,19.8039215686,19.9019607843,19.8039215686,19.6078431373,
78,23.7254901961,23.7254901961,23.7254901961,20.5882352941,17.2549019608,23.7254901961,23.7254901961,23.5294117647,
79,9.90196078431,9.90196078431,9.50980392157,10.6862745098,11.4705882353,6.76470588235,9.90196078431,9.90196078431,
80,13.3333333333,12.5490196078,0.78431372549,1.56862745098,1.17647058824,0.0,0.196078431373,0.78431372549,
81,20.3921568627,4.70588235294,20.3921568627,23.9215686275,20.4901960784,15.6862745098,23.5294117647,20.3921568627,
82,19.3137254902,19.3137254902,19.3137254902,19.3137254902,19.2156862745,19.3137254902,20.0980392157,19.3137254902,
83,23.2352941176,16.9607843137,16.5686274510,16.5686274510,13.4313725490,16.5686274510,16.5686274510,16.5686274510,
84,5.39215686275,5.39215686275,5.39215686275,5.39215686275,11.6666666667,5.39215686275,5.29411764706,5.39215686275,
85,17.8431372549,17.6470588235,17.8431372549,5.29411764706,17.8431372549,14.7058823529,17.8431372549,17.8431372549,
86,1.27450980392,3.62745098039,4.01960784314,4.41176470588,4.41176470588,0.490196078431,4.41176470588,4.41176470588,
87,1.07843137255,1.07843137255,7.35294117647,10.4901960784,10.4901960784,6.37254901961,7.15686274510,7.35294117647,
88,21.1764705882,14.9019607843,13.3333333333,14.9019607843,14.9019607843,14.9019607843,14.9019607843,14.9019607843,
89,20.2941176471,21.8627450980,20.2941176471,20.2941176471,15.5882352941,7.74509803922,20.2941176471,20.2941176471,
90,13.0392156863,13.1372549020,13.2352941176,13.2352941176,12.8431372549,13.2352941176,14.7058823529,14.0196078431,
91,4.60784313725,4.41176470588,4.60784313725,4.50980392157,4.50980392157,1.37254901961,4.50980392157,4.11764705882,
92,15.3921568627,14.6078431373,14.6078431373,14.6078431373,2.05882352941,14.6078431373,14.6078431373,14.6078431373,
93,14.3137254902,14.3137254902,14.3137254902,14.3137254902,12.5490196078,14.3137254902,14.3137254902,14.3137254902,
94,15.0980392157,14.4117647059,13.6274509804,15.1960784314,15.1960784314,13.6274509804,18.1372549020,15.0980392157,
95,17.3529411765,14.1176470588,14.2156862745,17.2549019608,1.66666666667,20.4901960784,14.2156862745,14.2156862745,
96,13.6274509804,15.9803921569,13.6274509804,13.6274509804,13.6274509804,13.6274509804,13.6274509804,13.5294117647,
97,23.5294117647,17.2549019608,17.2549019608,17.2549019608,17.4509803922,17.2549019608,17.3529411765,17.2549019608,
98,6.07843137255,12.3529411765,9.90196078431,12.3529411765,24.9019607843,12.0588235294,6.07843137255,12.3529411765,
99,10.4901960784,10.2941176471,10.2941176471,11.8627450980,10.2941176471,10.6862745098,10.1960784314,22.8431372549,
100,17.5490196078,14.3137254902,14.4117647059,1.86274509804,1.86274509804,14.4117647059,14.4117647059,14.4117647059,
101,8.43137254902,2.15686274510,1.76470588235,2.15686274510,2.94117647059,2.94117647059,2.15686274510,2.15686274510,
102,11.4705882353,9.90196078431,9.90196078431,6.76470588235,9.90196078431,22.4509803922,9.90196078431,9.90196078431,
103,3.52941176471,3.13725490196,3.52941176471,5.19607843137,3.52941176471,3.72549019608,3.52941176471,3.72549019608,
104,11.4705882353,11.0784313725,11.6666666667,9.90196078431,11.4705882353,8.33333333333,9.90196078431,11.3725490196,
105,20.7843137255,20.7843137255,20.8823529412,20.3921568627,20.7843137255,20.7843137255,19.2156862745,20.7843137255,
106,5.98039215686,5.98039215686,5.98039215686,5.98039215686,5.98039215686,5.98039215686,5.98039215686,12.2549019608,
107,17.9411764706,17.9411764706,18.7254901961,17.7450980392,16.1764705882,17.9411764706,24.2156862745,17.9411764706,
108,6.76470588235,1.27450980392,0.392156862745,0.490196078431,0.490196078431,0.490196078431,6.76470588235,0.0980392156863,
109,9.01960784314,8.62745098039,2.94117647059,2.94117647059,9.01960784314,9.01960784314,7.45098039216,7.54901960784,
110,23.0392156863,22.2549019608,23.0392156863,23.0392156863,22.9411764706,23.0392156863,16.7647058824,19.9019607843,
111,11.1764705882,8.13725490196,6.56862745098,8.13725490196,20.5882352941,8.13725490196,14.4117647059,7.94117647059,
112,10.8823529412,11.6666666667,25.0,12.4509803922,12.4509803922,12.4509803922,12.4509803922,12.4509803922,
113,15.0980392157,15.0980392157,0.980392156863,15.0980392157,15.0980392157,15.0980392157,15.0980392157,14.9019607843,
114,1.47058823529,19.9019607843,14.0196078431,17.1568627451,1.47058823529,13.6274509804,15.5882352941,13.2352941176,
115,16.0784313725,3.62745098039,3.62745098039,3.62745098039,5.19607843137,3.62745098039,13.0392156863,3.82352941176,
116,24.8039215686,24.8039215686,24.0196078431,24.8039215686,24.0196078431,25.0,24.0196078431,24.8039215686,
117,8.82352941176,11.1764705882,8.82352941176,11.7647058824,8.82352941176,8.82352941176,21.3725490196,7.25490196078,
118,1.76470588235,1.56862745098,1.76470588235,1.76470588235,1.76470588235,5.29411764706,1.56862745098,1.76470588235,
119,16.1764705882,16.1764705882,3.62745098039,22.4509803922,16.1764705882,18.5294117647,16.1764705882,16.1764705882,
120,23.3333333333,23.3333333333,20.1960784314,10.7843137255,23.3333333333,24.9019607843,23.3333333333,23.4313725490,
121,19.6078431373,7.05882352941,19.7058823529,13.3333333333,18.8235294118,22.7450980392,13.7254901961,19.6078431373,
122,6.96078431373,10.8823529412,6.96078431373,9.21568627451,14.0196078431,7.74509803922,7.74509803922,7.74509803922,
123,17.3529411765,23.6274509804,17.5490196078,17.3529411765,15.7843137255,23.6274509804,4.80392156863,17.3529411765,
124,20.6862745098,20.6862745098,8.13725490196,20.6862745098,23.8235294118,21.4705882353,8.13725490196,20.6862745098,
125,3.33333333333,5.0,1.76470588235,4.90196078431,4.80392156863,11.2745098039,4.90196078431,18.2352941176,
126,17.8431372549,5.29411764706,17.7450980392,17.8431372549,17.8431372549,17.8431372549,17.8431372549,17.8431372549,
127,18.0392156863,18.0392156863,18.0392156863,18.4313725490,5.58823529412,18.2352941176,14.9019607843,18.0392156863,
128,6.17647058824,6.17647058824,6.17647058824,6.17647058824,6.07843137255,6.07843137255,6.17647058824,6.17647058824,
129,0.0,3.13725490196,0.0980392156863,0.0,0.0,6.27450980392,0.0,1.66666666667,
130,1.07843137255,19.9019607843,7.35294117647,10.4901960784,7.35294117647,7.35294117647,9.31372549020,7.15686274510,
131,13.5294117647,13.5294117647,13.6274509804,13.5294117647,24.5098039216,13.3333333333,13.5294117647,13.6274509804,
132,19.7058823529,21.6666666667,21.2745098039,19.7058823529,21.2745098039,15.0,21.2745098039,24.4117647059,
133,5.29411764706,1.76470588235,1.76470588235,1.76470588235,1.76470588235,3.43137254902,1.76470588235,1.76470588235,
134,10.0,3.72549019608,10.0,10.0980392157,10.0980392157,10.0,10.0,10.0,
135,19.9019607843,19.7058823529,19.7058823529,19.7058823529,19.7058823529,20.0980392157,19.6078431373,19.7058823529,
136,11.0784313725,11.4705882353,12.2549019608,11.8627450980,8.62745098039,11.8627450980,12.0588235294,11.8627450980,
137,24.7058823529,24.3137254902,24.3137254902,24.3137254902,24.3137254902,24.5098039216,24.3137254902,24.3137254902,
138,11.5686274510,11.5686274510,11.2745098039,8.52941176471,8.43137254902,11.6666666667,10.0,11.6666666667,
139,11.8627450980,11.0784313725,11.8627450980,11.8627450980,12.2549019608,11.7647058824,12.0588235294,11.8627450980,
140,0.294117647059,1.86274509804,0.294117647059,6.56862745098,0.0980392156863,0.294117647059,6.96078431373,0.294117647059,
141,1.66666666667,2.05882352941,2.25490196078,3.03921568627,2.05882352941,2.25490196078,8.33333333333,1.56862745098,
142,2.84313725490,1.27450980392,1.27450980392,1.27450980392,2.84313725490,2.84313725490,1.27450980392,1.47058823529,
143,17.2549019608,21.9607843137,3.33333333333,22.1568627451,22.0588235294,21.9607843137,21.9607843137,21.9607843137,
144,12.4509803922,24.2156862745,11.6666666667,11.6666666667,8.52941176471,11.6666666667,11.6666666667,11.6666666667,
145,20.0980392157,20.0980392157,20.0980392157,19.7058823529,20.0980392157,20.0980392157,20.0980392157,20.0980392157,
146,10.3921568627,7.45098039216,8.82352941176,7.25490196078,6.47058823529,19.8039215686,7.25490196078,7.25490196078,
147,16.7647058824,4.21568627451,0.490196078431,15.9803921569,4.21568627451,4.21568627451,10.8823529412,4.21568627451,
148,15.9803921569,12.8431372549,15.9803921569,17.9411764706,17.5490196078,15.9803921569,15.9803921569,15.7843137255,
149,4.31372549020,4.50980392157,4.50980392157,4.31372549020,4.11764705882,10.5882352941,4.31372549020,4.31372549020,
150,1.47058823529,1.47058823529,0.686274509804,2.25490196078,4.60784313725,1.47058823529,0.686274509804,1.47058823529,
151,12.0588235294,12.0588235294,12.0588235294,5.78431372549,8.82352941176,12.0588235294,12.0588235294,5.78431372549,
152,6.47058823529,6.47058823529,6.47058823529,14.3137254902,6.47058823529,6.47058823529,7.25490196078,9.60784313725,
153,15.1960784314,15.5882352941,15.0980392157,15.1960784314,15.1960784314,15.1960784314,15.1960784314,15.1960784314,
154,7.15686274510,7.15686274510,7.15686274510,11.8627450980,7.15686274510,7.15686274510,21.1764705882,7.15686274510,
155,1.66666666667,17.8431372549,2.15686274510,2.15686274510,2.94117647059,14.7058823529,0.588235294118,14.7058823529,
156,14.0196078431,1.27450980392,13.7254901961,7.54901960784,1.27450980392,1.27450980392,7.54901960784,1.27450980392,
157,0.980392156863,2.54901960784,2.54901960784,2.94117647059,21.3725490196,2.54901960784,5.68627450980,2.54901960784,
158,6.47058823529,7.25490196078,6.47058823529,6.56862745098,6.47058823529,6.47058823529,6.27450980392,6.47058823529,
159,22.1568627451,15.6862745098,22.7450980392,21.9607843137,23.5294117647,21.9607843137,22.9411764706,21.9607843137,
160,24.4117647059,24.4117647059,24.6078431373,25.0,24.4117647059,24.4117647059,23.6274509804,23.6274509804,
161,5.09803921569,5.09803921569,11.3725490196,1.96078431373,5.09803921569,5.09803921569,4.90196078431,4.31372549020,
162,11.7647058824,11.9607843137,11.1764705882,24.3137254902,11.2745098039,11.9607843137,24.5098039216,22.9411764706,
163,5.68627450980,5.68627450980,11.9607843137,5.68627450980,5.49019607843,6.07843137255,5.68627450980,5.68627450980,
164,7.84313725490,11.1764705882,8.03921568627,11.1764705882,23.7254901961,11.1764705882,11.1764705882,11.1764705882,
165,10.2941176471,10.2941176471,10.4901960784,22.8431372549,10.2941176471,10.2941176471,10.2941176471,10.6862745098,
166,18.7254901961,2.74509803922,15.3921568627,15.3921568627,15.3921568627,15.3921568627,21.6666666667,15.3921568627,
167,1.17647058824,13.7254901961,13.7254901961,3.52941176471,1.27450980392,1.17647058824,13.7254901961,7.45098039216,
168,1.96078431373,1.96078431373,1.96078431373,1.96078431373,2.74509803922,1.96078431373,1.96078431373,14.7058823529,
169,10.3921568627,7.35294117647,7.25490196078,7.05882352941,7.25490196078,6.47058823529,7.25490196078,7.25490196078,
170,17.4509803922,17.4509803922,18.0392156863,16.2745098039,17.4509803922,4.70588235294,17.4509803922,17.4509803922,
171,20.4901960784,6.37254901961,19.3137254902,18.9215686275,18.9215686275,18.9215686275,12.5490196078,18.9215686275,
172,3.92156862745,3.92156862745,3.92156862745,10.1960784314,4.01960784314,4.31372549020,10.1960784314,4.01960784314,
173,13.5294117647,13.6274509804,13.6274509804,14.0196078431,12.8431372549,13.6274509804,12.6470588235,13.6274509804,
174,19.9019607843,19.9019607843,19.9019607843,19.7058823529,19.9019607843,19.0196078431,19.9019607843,21.4705882353,
175,2.05882352941,1.96078431373,2.25490196078,2.05882352941,2.84313725490,5.19607843137,8.33333333333,8.33333333333,
176,14.2156862745,14.2156862745,14.2156862745,14.2156862745,14.2156862745,14.2156862745,14.1176470588,20.4901960784,
177,14.8039215686,14.8039215686,14.8039215686,2.25490196078,14.8039215686,2.25490196078,17.0588235294,14.8039215686,
178,6.37254901961,6.37254901961,6.37254901961,6.37254901961,7.35294117647,6.37254901961,9.60784313725,7.45098039216,
179,6.76470588235,9.90196078431,6.96078431373,9.90196078431,9.90196078431,10.0980392157,9.90196078431,9.41176470588,
180,22.9411764706,23.0392156863,18.3333333333,23.0392156863,19.9019607843,23.0392156863,7.35294117647,23.0392156863,
181,12.4509803922,10.6862745098,10.6862745098,10.8823529412,10.6862745098,10.6862745098,12.2549019608,12.2549019608,
182,24.0196078431,24.0196078431,24.0196078431,24.2156862745,24.0196078431,24.0196078431,24.0196078431,15.7843137255,
183,5.29411764706,2.15686274510,13.1372549020,2.15686274510,8.43137254902,8.43137254902,3.72549019608,2.15686274510,
184,4.11764705882,16.6666666667,16.6666666667,16.6666666667,16.4705882353,16.6666666667,22.9411764706,16.7647058824,
185,14.9019607843,14.9019607843,15.3921568627,18.0392156863,14.9019607843,13.5294117647,14.9019607843,18.1372549020,
186,9.31372549020,8.92156862745,9.31372549020,3.03921568627,12.4509803922,5.98039215686,9.31372549020,9.31372549020,
187,12.3529411765,6.07843137255,6.07843137255,18.6274509804,6.07843137255,6.07843137255,6.07843137255,2.94117647059,
188,21.9607843137,16.8627450980,15.6862745098,15.6862745098,16.4705882353,15.6862745098,16.4705882353,16.4705882353,
189,18.3333333333,23.2352941176,16.9607843137,17.1568627451,13.0392156863,3.62745098039,16.9607843137,16.9607843137,
190,2.05882352941,13.0392156863,6.76470588235,2.05882352941,0.490196078431,0.490196078431,6.76470588235,2.05882352941,
191,18.1372549020,10.6862745098,9.50980392157,0.196078431373,19.0196078431,0.196078431373,12.0588235294,15.4901960784,
192,21.9607843137,17.1568627451,25.0,3.72549019608,22.0588235294,14.6078431373,12.8431372549,5.88235294118,
193,7.15686274510,23.4313725490,12.1568627451,24.2156862745,21.6666666667,19.4117647059,7.45098039216,22.7450980392,
194,2.74509803922,12.3529411765,11.2745098039,1.37254901961,1.37254901961,2.25490196078,24.7058823529,14.1176470588,
195,5.09803921569,1.66666666667,7.35294117647,16.2745098039,6.27450980392,6.37254901961,11.5686274510,5.19607843137,
196,13.8235294118,4.11764705882,24.7058823529,23.7254901961,20.1960784314,1.17647058824,21.5686274510,9.50980392157,
197,7.35294117647,19.8039215686,21.8627450980,12.5490196078,17.3529411765,12.5490196078,7.74509803922,9.80392156863,
198,24.1176470588,19.8039215686,5.29411764706,10.7843137255,15.1960784314,10.7843137255,13.4313725490,19.6078431373,
199,14.3137254902,5.98039215686,5.39215686275,5.29411764706,4.11764705882,12.7450980392,0.392156862745,1.07843137255,

Population fitness value 
0,0
1,0
2,0
3,0
4,0
5,0
6,0
7,0
8,0
9,0
10,0
11,0
12,0
13,0
14,0
15,0
16,0
17,0
18,0
19,0
20,0
21,0
22,0
23,0
24,0
25,0
26,0
27,0
28,0
29,0
30,0
31,0
32,0
33,0
34,0
35,0
36,0
37,0
38,0
39,0
40,0
41,0
42,0
43,0
44,0
45,0
46,0
47,0
48,0
49,0
50,0
51,0
52,0
53,0
54,0
55,0
56,0
57,0
58,0
59,0
60,0
61,0
62,0
63,0
64,0
65,0
66,0
67,0
68,0
69,0
70,0
71,0
72,0
73,0
74,0
75,0
76,0
77,0
78,0
79,0
80,0
81,0
82,0
83,0
84,0
85,0
86,0
87,0
88,0
89,0
90,0
91,0
92,0
93,0
94,0
95,0
96,0
97,0
98,0
99,0
100,0
101,0
102,0
103,0
104,0
105,0
106,0
107,0
108,0
109,0
110,0
111,0
112,0
113,0
114,0
115,0
116,0
117,0
118,0
119,0
120,0
121,0
122,0
123,0
124,0
125,0
126,0
127,0
128,0
129,0
130,0
131,0
132,0
133,0
134,0
135,0
136,0
137,0
138,0
139,0
140,0
141,0
142,0
143,0
144,0
145,0
146,0
147,0
148,0
149,0
150,0
151,0
152,0
153,0
154,0
155,0
156,0
157,0
158,0
159,0
160,0
161,0
162,0
163,0
164,0
165,0
166,0
167,0
168,0
169,0
170,0
171,0
172,0
173,0
174,0
175,0
176,0
177,0
178,0
179,0
180,0
181,0
182,0
183,0
184,0
185,0
186,0
187,0
188,0
189,0
190,0
191,0
192,0
193,0
194,0
195,0
196,0
197,0
198,0
199,0


