Generation 
34

Number of individuals per generation
200

Population scaled variables 
0,19.1176470588,19.9019607843,19.1176470588,22.2549019608,19.1176470588,22.0588235294,19.0196078431,12.8431372549,
1,22.5490196078,22.5490196078,22.5490196078,9.80392156863,24.1176470588,22.5490196078,15.8823529412,19.4117647059,
2,17.4509803922,17.4509803922,17.2549019608,17.2549019608,17.2549019608,17.2549019608,17.3529411765,14.1176470588,
3,22.0588235294,22.0588235294,22.0588235294,22.0588235294,22.0588235294,22.2549019608,22.0588235294,22.0588235294,
4,17.9411764706,17.2549019608,23.8235294118,17.9411764706,24.2156862745,17.9411764706,5.39215686275,17.9411764706,
5,8.43137254902,8.43137254902,8.03921568627,7.84313725490,8.43137254902,8.43137254902,8.52941176471,2.15686274510,
6,19.0196078431,19.0196078431,6.47058823529,22.1568627451,20.5882352941,18.8235294118,18.8235294118,19.4117647059,
7,10.1960784314,16.4705882353,22.7450980392,23.1372549020,22.8431372549,22.8431372549,24.3137254902,22.7450980392,
8,16.3725490196,16.1764705882,16.1764705882,22.4509803922,15.7843137255,16.1764705882,16.1764705882,15.7843137255,
9,20.9803921569,6.86274509804,0.686274509804,19.4117647059,19.4117647059,6.86274509804,19.4117647059,19.4117647059,
10,11.2745098039,8.13725490196,23.8235294118,11.2745098039,9.70588235294,11.6666666667,11.2745098039,11.2745098039,
11,11.0784313725,4.80392156863,4.80392156863,11.0784313725,4.80392156863,4.80392156863,4.80392156863,4.80392156863,
12,5.49019607843,8.62745098039,8.62745098039,8.62745098039,11.7647058824,8.72549019608,8.62745098039,8.62745098039,
13,1.76470588235,0.294117647059,1.86274509804,0.294117647059,0.0980392156863,0.294117647059,0.0980392156863,12.7450980392,
14,13.7254901961,13.7254901961,13.7254901961,13.7254901961,12.9411764706,17.0588235294,1.17647058824,13.8235294118,
15,20.0980392157,19.7058823529,19.9019607843,19.7058823529,19.7058823529,18.9215686275,20.0980392157,19.9019607843,
16,21.0784313725,21.8627450980,21.0784313725,21.0784313725,21.8627450980,21.0784313725,20.9803921569,21.0784313725,
17,24.7058823529,12.3529411765,12.1568627451,11.3725490196,4.41176470588,12.1568627451,12.1568627451,10.5882352941,
18,22.5490196078,22.5490196078,22.5490196078,22.5490196078,22.5490196078,16.2745098039,22.5490196078,22.5490196078,
19,4.90196078431,4.90196078431,4.90196078431,5.68627450980,5.68627450980,4.90196078431,4.90196078431,4.90196078431,
20,22.5490196078,16.2745098039,16.2745098039,16.2745098039,16.2745098039,13.1372549020,16.2745098039,16.2745098039,
21,21.2745098039,21.2745098039,20.4901960784,24.8039215686,21.2745098039,21.2745098039,21.1764705882,21.2745098039,
22,0.686274509804,0.294117647059,0.686274509804,0.686274509804,3.82352941176,0.686274509804,2.25490196078,0.686274509804,
23,7.25490196078,6.86274509804,6.86274509804,6.86274509804,6.86274509804,6.86274509804,6.66666666667,7.64705882353,
24,7.54901960784,7.45098039216,7.54901960784,7.54901960784,20.0980392157,1.27450980392,10.2941176471,6.76470588235,
25,19.1176470588,19.1176470588,18.9215686275,19.1176470588,19.1176470588,19.1176470588,19.1176470588,19.1176470588,
26,20.4901960784,8.72549019608,19.9019607843,8.72549019608,7.35294117647,21.2745098039,11.8627450980,7.94117647059,
27,7.94117647059,8.13725490196,8.13725490196,8.13725490196,8.03921568627,8.13725490196,9.31372549020,8.13725490196,
28,22.7450980392,16.4705882353,22.7450980392,22.7450980392,22.7450980392,24.3137254902,16.5686274510,11.7647058824,
29,8.92156862745,7.35294117647,8.92156862745,8.92156862745,21.4705882353,19.9019607843,8.92156862745,21.4705882353,
30,14.6078431373,14.6078431373,14.6078431373,14.6078431373,14.6078431373,14.6078431373,14.6078431373,15.3921568627,
31,2.05882352941,5.19607843137,2.05882352941,5.09803921569,2.05882352941,2.05882352941,0.490196078431,2.05882352941,
32,6.96078431373,6.96078431373,6.96078431373,10.0980392157,6.96078431373,6.96078431373,0.686274509804,8.52941176471,
33,23.7254901961,23.7254901961,23.7254901961,24.1176470588,23.7254901961,17.4509803922,10.9803921569,23.7254901961,
34,9.11764705882,9.01960784314,9.11764705882,9.11764705882,9.11764705882,21.8627450980,12.2549019608,9.11764705882,
35,15.9803921569,16.9607843137,15.9803921569,15.9803921569,15.9803921569,15.9803921569,15.9803921569,15.9803921569,
36,23.4313725490,23.4313725490,23.4313725490,23.3333333333,23.4313725490,7.74509803922,23.4313725490,25.0,
37,19.0196078431,19.0196078431,22.1568627451,19.0196078431,12.7450980392,12.7450980392,19.0196078431,9.60784313725,
38,15.0980392157,15.1960784314,15.0980392157,15.2941176471,15.0980392157,15.0980392157,14.3137254902,15.0980392157,
39,24.8039215686,24.8039215686,24.8039215686,12.1568627451,12.2549019608,24.8039215686,24.8039215686,24.8039215686,
40,17.3529411765,18.1372549020,4.80392156863,18.0392156863,20.4901960784,17.3529411765,18.1372549020,17.3529411765,
41,1.66666666667,0.0,12.5490196078,1.56862745098,0.0,0.392156862745,0.0,12.5490196078,
42,18.0392156863,14.9019607843,18.5294117647,18.0392156863,18.0392156863,18.0392156863,18.0392156863,14.1176470588,
43,11.0784313725,9.70588235294,9.50980392157,9.50980392157,9.41176470588,9.41176470588,9.50980392157,9.50980392157,
44,20.1960784314,20.2941176471,20.1960784314,19.4117647059,20.1960784314,20.1960784314,20.1960784314,20.1960784314,
45,11.0784313725,9.90196078431,11.8627450980,11.0784313725,20.4901960784,4.80392156863,11.0784313725,11.8627450980,
46,9.41176470588,10.1960784314,9.50980392157,9.41176470588,3.23529411765,6.66666666667,9.41176470588,9.41176470588,
47,4.01960784314,3.23529411765,4.01960784314,4.01960784314,4.01960784314,4.01960784314,4.01960784314,5.58823529412,
48,3.62745098039,9.90196078431,3.82352941176,16.3725490196,3.82352941176,17.9411764706,3.82352941176,4.21568627451,
49,14.6078431373,14.1176470588,14.2156862745,14.2156862745,12.6470588235,14.2156862745,14.2156862745,20.4901960784,
50,22.0588235294,9.50980392157,9.50980392157,22.0588235294,18.9215686275,22.0588235294,25.0,22.0588235294,
51,2.25490196078,2.05882352941,3.03921568627,8.52941176471,2.25490196078,2.25490196078,2.25490196078,8.52941176471,
52,22.8431372549,22.8431372549,22.0588235294,22.8431372549,19.6078431373,22.8431372549,22.8431372549,22.8431372549,
53,20.0980392157,20.0980392157,20.0980392157,20.0980392157,20.0980392157,19.7058823529,20.2941176471,20.0980392157,
54,2.84313725490,15.3921568627,2.84313725490,1.27450980392,2.84313725490,5.19607843137,2.84313725490,2.84313725490,
55,4.50980392157,4.50980392157,4.50980392157,4.50980392157,4.50980392157,4.50980392157,4.11764705882,4.50980392157,
56,24.0196078431,11.0784313725,11.4705882353,11.4705882353,10.9803921569,8.33333333333,24.0196078431,5.19607843137,
57,9.70588235294,3.43137254902,3.43137254902,9.70588235294,11.2745098039,9.70588235294,9.70588235294,10.0980392157,
58,17.2549019608,17.3529411765,17.3529411765,17.3529411765,17.3529411765,17.3529411765,17.3529411765,23.6274509804,
59,9.70588235294,6.56862745098,6.56862745098,6.56862745098,6.56862745098,9.70588235294,6.56862745098,6.56862745098,
60,6.76470588235,8.33333333333,8.33333333333,11.4705882353,8.33333333333,8.23529411765,20.8823529412,8.23529411765,
61,8.33333333333,8.52941176471,8.52941176471,2.25490196078,8.52941176471,8.52941176471,8.52941176471,11.6666666667,
62,11.6666666667,11.0784313725,9.70588235294,11.1764705882,5.0,11.2745098039,11.6666666667,11.2745098039,
63,11.1764705882,11.1764705882,11.1764705882,11.2745098039,11.1764705882,10.9803921569,11.1764705882,11.1764705882,
64,5.0,3.43137254902,4.90196078431,5.0,11.2745098039,5.0,5.0,5.0,
65,19.1176470588,15.8823529412,19.8039215686,19.0196078431,19.0196078431,19.0196078431,19.0196078431,19.0196078431,
66,12.0588235294,18.3333333333,24.6078431373,24.4117647059,24.4117647059,24.6078431373,24.4117647059,24.6078431373,
67,22.5490196078,9.80392156863,22.3529411765,22.3529411765,21.9607843137,16.0784313725,22.3529411765,22.3529411765,
68,5.88235294118,5.88235294118,18.4313725490,5.09803921569,5.88235294118,4.31372549020,12.1568627451,16.8627450980,
69,10.2941176471,11.8627450980,11.8627450980,11.0784313725,11.8627450980,11.8627450980,11.8627450980,10.2941176471,
70,12.6470588235,18.9215686275,18.9215686275,21.2745098039,12.6470588235,6.37254901961,18.9215686275,18.9215686275,
71,18.3333333333,18.3333333333,25.0,5.78431372549,5.78431372549,18.3333333333,18.3333333333,16.7647058824,
72,2.05882352941,2.05882352941,5.39215686275,2.05882352941,15.3921568627,2.05882352941,2.05882352941,2.05882352941,
73,18.9215686275,22.0588235294,22.2549019608,22.0588235294,22.0588235294,11.0784313725,22.0588235294,22.0588235294,
74,10.3921568627,15.8823529412,15.8823529412,15.9803921569,3.33333333333,15.8823529412,0.196078431373,16.2745098039,
75,10.6862745098,10.6862745098,10.6862745098,10.5882352941,10.6862745098,10.6862745098,10.5882352941,9.90196078431,
76,0.0,3.92156862745,3.33333333333,15.7843137255,4.70588235294,3.13725490196,3.13725490196,3.13725490196,
77,24.2156862745,11.5686274510,11.6666666667,5.78431372549,12.4509803922,12.4509803922,11.4705882353,12.4509803922,
78,16.2745098039,15.8823529412,15.8823529412,15.8823529412,16.7647058824,15.8823529412,15.8823529412,15.8823529412,
79,11.0784313725,11.2745098039,12.4509803922,11.2745098039,11.2745098039,11.0784313725,11.2745098039,5.0,
80,6.96078431373,6.96078431373,6.76470588235,7.54901960784,7.15686274510,6.76470588235,6.66666666667,18.9215686275,
81,16.1764705882,13.0392156863,13.0392156863,13.0392156863,16.1764705882,19.2156862745,13.2352941176,0.490196078431,
82,6.56862745098,6.96078431373,0.686274509804,6.96078431373,6.96078431373,7.74509803922,6.96078431373,6.96078431373,
83,21.7647058824,14.3137254902,14.7058823529,14.5098039216,14.8039215686,13.1372549020,14.8039215686,14.7058823529,
84,10.2941176471,16.5686274510,4.41176470588,4.01960784314,4.01960784314,5.58823529412,3.92156862745,4.21568627451,
85,18.1372549020,24.4117647059,18.1372549020,18.1372549020,18.1372549020,15.0,18.1372549020,18.1372549020,
86,20.5882352941,20.5882352941,8.03921568627,23.7254901961,20.9803921569,20.5882352941,20.6862745098,20.5882352941,
87,11.6666666667,5.39215686275,2.25490196078,5.29411764706,11.6666666667,5.39215686275,10.0980392157,11.6666666667,
88,4.70588235294,4.70588235294,10.9803921569,4.70588235294,4.70588235294,4.70588235294,1.56862745098,4.70588235294,
89,5.68627450980,8.82352941176,8.82352941176,8.82352941176,8.62745098039,8.82352941176,9.21568627451,8.82352941176,
90,9.31372549020,9.11764705882,8.62745098039,9.31372549020,11.6666666667,9.31372549020,8.92156862745,8.52941176471,
91,16.7647058824,18.3333333333,15.1960784314,18.3333333333,18.3333333333,16.7647058824,18.3333333333,18.3333333333,
92,21.2745098039,21.1764705882,22.7450980392,21.1764705882,14.9019607843,21.1764705882,21.1764705882,21.1764705882,
93,20.7843137255,19.6078431373,24.3137254902,21.1764705882,21.1764705882,21.1764705882,8.62745098039,21.1764705882,
94,22.6470588235,22.2549019608,19.5098039216,22.2549019608,22.6470588235,24.2156862745,23.4313725490,19.5098039216,
95,2.35294117647,1.66666666667,10.9803921569,8.62745098039,8.62745098039,8.62745098039,2.74509803922,19.6078431373,
96,8.43137254902,2.15686274510,6.96078431373,8.43137254902,0.588235294118,8.43137254902,8.43137254902,2.15686274510,
97,13.3333333333,13.3333333333,13.3333333333,20.0,13.3333333333,13.5294117647,13.3333333333,16.4705882353,
98,21.8627450980,7.74509803922,7.54901960784,7.74509803922,7.74509803922,7.74509803922,7.64705882353,7.74509803922,
99,14.7058823529,2.74509803922,15.4901960784,13.1372549020,13.1372549020,12.7450980392,14.7058823529,14.7058823529,
100,2.25490196078,5.39215686275,2.25490196078,18.7254901961,5.39215686275,3.82352941176,17.9411764706,5.39215686275,
101,18.3333333333,17.5490196078,18.3333333333,18.7254901961,18.3333333333,18.3333333333,15.1960784314,18.3333333333,
102,22.6470588235,22.6470588235,22.6470588235,22.6470588235,22.4509803922,22.6470588235,23.0392156863,22.6470588235,
103,11.1764705882,11.1764705882,11.1764705882,22.2549019608,8.03921568627,11.1764705882,11.1764705882,11.1764705882,
104,6.76470588235,6.76470588235,8.33333333333,6.76470588235,6.76470588235,6.37254901961,6.37254901961,6.76470588235,
105,3.62745098039,3.62745098039,3.62745098039,3.62745098039,3.62745098039,3.52941176471,3.62745098039,3.62745098039,
106,24.0196078431,20.4901960784,23.9215686275,11.5686274510,23.9215686275,22.3529411765,23.9215686275,23.5294117647,
107,8.52941176471,9.31372549020,11.6666666667,8.52941176471,8.52941176471,8.33333333333,11.0784313725,2.25490196078,
108,17.4509803922,14.3137254902,23.8235294118,14.4117647059,4.90196078431,17.2549019608,17.4509803922,15.8823529412,
109,8.82352941176,19.0196078431,19.8039215686,19.8039215686,7.64705882353,13.5294117647,21.3725490196,19.8039215686,
110,5.09803921569,5.19607843137,5.09803921569,5.09803921569,4.70588235294,5.09803921569,5.09803921569,5.09803921569,
111,9.31372549020,3.03921568627,9.21568627451,9.31372549020,9.31372549020,9.31372549020,9.31372549020,9.31372549020,
112,9.21568627451,2.94117647059,1.37254901961,15.4901960784,1.76470588235,15.4901960784,2.64705882353,2.94117647059,
113,22.4509803922,23.2352941176,22.4509803922,22.6470588235,22.4509803922,23.2352941176,22.4509803922,19.3137254902,
114,24.1176470588,24.1176470588,24.1176470588,24.1176470588,20.9803921569,11.5686274510,24.1176470588,24.1176470588,
115,1.07843137255,2.64705882353,2.64705882353,2.64705882353,3.03921568627,15.1960784314,5.78431372549,2.64705882353,
116,12.6470588235,13.7254901961,12.6470588235,12.6470588235,12.6470588235,12.6470588235,12.6470588235,12.6470588235,
117,13.7254901961,16.8627450980,17.0588235294,15.3921568627,4.31372549020,16.8627450980,16.8627450980,16.8627450980,
118,9.80392156863,3.52941176471,10.5882352941,11.3725490196,9.50980392157,9.80392156863,9.80392156863,9.80392156863,
119,2.25490196078,3.03921568627,12.4509803922,9.21568627451,3.03921568627,2.25490196078,5.98039215686,15.5882352941,
120,22.5490196078,22.4509803922,22.4509803922,23.2352941176,9.90196078431,22.4509803922,9.90196078431,16.1764705882,
121,11.7647058824,11.3725490196,12.3529411765,12.1568627451,12.1568627451,12.1568627451,12.1568627451,24.3137254902,
122,15.0,15.0,14.9019607843,13.4313725490,2.45098039216,14.9019607843,21.2745098039,15.0,
123,0.490196078431,3.62745098039,0.490196078431,0.490196078431,3.62745098039,5.19607843137,0.490196078431,0.490196078431,
124,11.2745098039,11.2745098039,11.2745098039,5.0,11.2745098039,8.33333333333,11.2745098039,11.2745098039,
125,15.1960784314,24.6078431373,21.4705882353,15.0980392157,15.1960784314,15.1960784314,25.0,15.5882352941,
126,1.27450980392,7.54901960784,1.47058823529,1.27450980392,0.490196078431,1.27450980392,1.27450980392,1.27450980392,
127,10.3921568627,9.60784313725,10.3921568627,11.9607843137,10.2941176471,10.3921568627,2.54901960784,10.3921568627,
128,3.33333333333,3.13725490196,19.2156862745,0.0,0.392156862745,1.56862745098,0.0,0.196078431373,
129,4.90196078431,17.4509803922,4.90196078431,4.90196078431,4.90196078431,5.0,4.90196078431,4.90196078431,
130,25.0,25.0,5.78431372549,25.0,25.0,25.0,25.0,25.0,
131,20.3921568627,21.3725490196,19.0196078431,15.8823529412,20.5882352941,23.7254901961,14.3137254902,19.0196078431,
132,15.0980392157,14.9019607843,15.0980392157,21.3725490196,15.0980392157,13.5294117647,15.0980392157,14.9019607843,
133,14.4117647059,14.2156862745,14.3137254902,14.4117647059,14.4117647059,14.4117647059,14.4117647059,14.4117647059,
134,19.0196078431,13.1372549020,23.7254901961,18.8235294118,19.0196078431,19.0196078431,19.0196078431,19.0196078431,
135,15.7843137255,3.23529411765,3.43137254902,0.0980392156863,3.23529411765,3.23529411765,3.23529411765,9.50980392157,
136,4.21568627451,5.98039215686,6.17647058824,3.82352941176,4.60784313725,4.60784313725,4.60784313725,4.60784313725,
137,22.8431372549,22.8431372549,22.8431372549,22.8431372549,22.8431372549,22.7450980392,22.8431372549,22.8431372549,
138,5.68627450980,4.21568627451,5.68627450980,5.68627450980,5.68627450980,4.21568627451,5.68627450980,5.68627450980,
139,10.1960784314,11.7647058824,10.1960784314,10.5882352941,10.1960784314,10.1960784314,10.7843137255,10.5882352941,
140,7.15686274510,6.56862745098,6.56862745098,8.13725490196,1.86274509804,19.9019607843,6.56862745098,6.37254901961,
141,0.78431372549,21.1764705882,13.3333333333,0.78431372549,4.01960784314,0.78431372549,7.15686274510,0.78431372549,
142,22.6470588235,22.6470588235,22.6470588235,16.3725490196,10.0980392157,22.6470588235,22.6470588235,22.6470588235,
143,13.0392156863,20.8823529412,20.8823529412,21.0784313725,17.7450980392,20.8823529412,22.4509803922,19.3137254902,
144,11.3725490196,24.3137254902,23.9215686275,23.9215686275,23.9215686275,22.3529411765,19.2156862745,23.5294117647,
145,5.78431372549,12.0588235294,12.0588235294,12.0588235294,12.0588235294,12.4509803922,12.0588235294,10.4901960784,
146,22.4509803922,22.6470588235,22.4509803922,22.4509803922,23.2352941176,24.0196078431,22.4509803922,22.4509803922,
147,15.8823529412,12.5490196078,19.7058823529,12.9411764706,14.7058823529,12.9411764706,12.5490196078,12.5490196078,
148,6.76470588235,22.4509803922,9.90196078431,23.2352941176,9.90196078431,19.3137254902,22.4509803922,22.4509803922,
149,22.1568627451,22.5490196078,16.3725490196,19.4117647059,22.5490196078,22.1568627451,23.3333333333,22.3529411765,
150,16.2745098039,16.2745098039,16.2745098039,15.8823529412,3.72549019608,15.6862745098,16.2745098039,16.2745098039,
151,6.17647058824,12.4509803922,5.39215686275,6.17647058824,4.60784313725,6.17647058824,6.17647058824,6.17647058824,
152,4.80392156863,4.80392156863,4.80392156863,18.1372549020,4.80392156863,17.3529411765,5.58823529412,4.80392156863,
153,24.3137254902,11.8627450980,11.8627450980,11.0784313725,5.78431372549,11.8627450980,11.8627450980,5.58823529412,
154,20.6862745098,18.9215686275,20.4901960784,19.5098039216,18.9215686275,20.4901960784,18.9215686275,18.9215686275,
155,15.8823529412,15.8823529412,15.8823529412,15.8823529412,15.8823529412,15.6862745098,15.8823529412,12.7450980392,
156,21.9607843137,18.8235294118,6.27450980392,21.9607843137,21.9607843137,21.9607843137,21.9607843137,21.9607843137,
157,17.9411764706,16.3725490196,16.3725490196,16.3725490196,16.3725490196,13.2352941176,16.3725490196,16.3725490196,
158,17.2549019608,23.9215686275,23.9215686275,23.9215686275,23.9215686275,23.9215686275,24.1176470588,24.1176470588,
159,9.50980392157,11.0784313725,10.9803921569,24.4117647059,11.2745098039,5.19607843137,11.0784313725,11.0784313725,
160,11.2745098039,11.4705882353,11.2745098039,11.2745098039,11.0784313725,11.2745098039,11.2745098039,11.2745098039,
161,12.9411764706,12.9411764706,13.1372549020,1.17647058824,12.9411764706,0.588235294118,0.490196078431,12.9411764706,
162,10.8823529412,4.41176470588,4.60784313725,4.60784313725,4.60784313725,4.41176470588,4.60784313725,4.60784313725,
163,9.31372549020,8.52941176471,8.52941176471,8.52941176471,8.52941176471,6.96078431373,11.2745098039,8.43137254902,
164,20.8823529412,20.8823529412,19.3137254902,20.8823529412,20.3921568627,20.8823529412,22.4509803922,20.8823529412,
165,15.4901960784,18.7254901961,15.4901960784,15.5882352941,14.0196078431,21.8627450980,15.4901960784,15.5882352941,
166,19.5098039216,14.4117647059,15.5882352941,14.8039215686,14.8039215686,21.0784313725,14.6078431373,14.8039215686,
167,8.43137254902,8.13725490196,8.52941176471,5.98039215686,8.52941176471,8.52941176471,9.31372549020,8.52941176471,
168,16.7647058824,13.6274509804,1.07843137255,13.6274509804,13.6274509804,13.6274509804,21.4705882353,13.6274509804,
169,16.2745098039,16.2745098039,18.6274509804,3.72549019608,16.2745098039,17.9411764706,16.2745098039,16.2745098039,
170,8.23529411765,8.23529411765,8.23529411765,11.3725490196,2.15686274510,8.23529411765,8.23529411765,8.23529411765,
171,6.76470588235,6.66666666667,6.76470588235,6.76470588235,6.76470588235,6.76470588235,6.76470588235,8.33333333333,
172,14.4117647059,14.4117647059,20.6862745098,20.6862745098,20.6862745098,20.6862745098,20.6862745098,20.6862745098,
173,17.1568627451,15.7843137255,3.82352941176,16.1764705882,16.1764705882,3.62745098039,16.1764705882,17.7450980392,
174,24.5098039216,11.1764705882,11.9607843137,11.9607843137,12.3529411765,10.3921568627,5.68627450980,11.9607843137,
175,23.5294117647,23.5294117647,22.1568627451,20.7843137255,23.9215686275,10.9803921569,23.5294117647,17.4509803922,
176,15.3921568627,15.3921568627,15.2941176471,15.3921568627,15.3921568627,13.0392156863,14.6078431373,2.84313725490,
177,12.8431372549,12.8431372549,12.7450980392,12.8431372549,13.6274509804,12.8431372549,12.8431372549,12.8431372549,
178,17.3529411765,4.80392156863,4.80392156863,4.80392156863,4.80392156863,3.23529411765,4.80392156863,1.56862745098,
179,4.41176470588,4.41176470588,4.41176470588,4.41176470588,4.41176470588,4.41176470588,4.41176470588,10.6862745098,
180,0.686274509804,1.86274509804,0.686274509804,6.96078431373,1.86274509804,3.82352941176,2.15686274510,0.686274509804,
181,13.1372549020,12.9411764706,16.2745098039,12.7450980392,20.1960784314,13.1372549020,0.588235294118,13.1372549020,
182,17.4509803922,17.4509803922,15.8823529412,17.4509803922,17.5490196078,15.6862745098,17.4509803922,17.4509803922,
183,11.6666666667,8.52941176471,8.52941176471,8.52941176471,8.43137254902,9.31372549020,8.33333333333,8.52941176471,
184,2.74509803922,5.88235294118,5.88235294118,2.74509803922,5.88235294118,18.4313725490,6.07843137255,5.88235294118,
185,9.21568627451,9.21568627451,5.29411764706,7.64705882353,8.43137254902,9.21568627451,9.21568627451,7.64705882353,
186,9.50980392157,7.94117647059,23.5294117647,11.0784313725,11.0784313725,11.0784313725,11.2745098039,11.0784313725,
187,11.6666666667,11.6666666667,11.6666666667,11.2745098039,11.6666666667,11.6666666667,11.6666666667,11.6666666667,
188,1.56862745098,1.56862745098,1.56862745098,1.56862745098,2.35294117647,0.392156862745,1.56862745098,4.70588235294,
189,9.80392156863,9.80392156863,9.80392156863,9.80392156863,9.80392156863,6.66666666667,9.80392156863,9.80392156863,
190,0.294117647059,0.294117647059,0.294117647059,0.294117647059,0.196078431373,0.980392156863,1.07843137255,1.07843137255,
191,11.0784313725,20.0,13.7254901961,22.8431372549,13.7254901961,6.56862745098,12.9411764706,3.72549019608,
192,11.2745098039,15.4901960784,9.01960784314,22.4509803922,6.86274509804,1.07843137255,5.88235294118,13.9215686275,
193,22.0588235294,12.9411764706,7.25490196078,6.17647058824,9.70588235294,1.47058823529,7.15686274510,7.05882352941,
194,0.686274509804,10.0980392157,10.1960784314,12.5490196078,0.490196078431,9.01960784314,12.2549019608,21.8627450980,
195,22.4509803922,3.03921568627,2.54901960784,20.0980392157,14.9019607843,14.9019607843,5.78431372549,24.9019607843,
196,8.52941176471,11.3725490196,24.4117647059,8.33333333333,14.9019607843,4.60784313725,16.6666666667,5.88235294118,
197,15.8823529412,23.7254901961,24.5098039216,5.78431372549,20.4901960784,20.0980392157,1.47058823529,16.1764705882,
198,6.56862745098,0.294117647059,1.27450980392,24.9019607843,4.11764705882,9.21568627451,4.31372549020,14.1176470588,
199,20.3921568627,9.70588235294,13.3333333333,4.31372549020,0.294117647059,12.3529411765,22.2549019608,24.3137254902,

Population fitness value 
0,0
1,0
2,0
3,0
4,0
5,0
6,0
7,0
8,0
9,0
10,0
11,0
12,0
13,0
14,0
15,0
16,0
17,0
18,0
19,0
20,0
21,0
22,0
23,0
24,0
25,0
26,0
27,0
28,0
29,0
30,0
31,0
32,0
33,0
34,0
35,0
36,0
37,0
38,0
39,0
40,0
41,0
42,0
43,0
44,0
45,0
46,0
47,0
48,0
49,0
50,0
51,0
52,0
53,0
54,0
55,0
56,0
57,0
58,0
59,0
60,0
61,0
62,0
63,0
64,0
65,0
66,0
67,0
68,0
69,0
70,0
71,0
72,0
73,0
74,0
75,0
76,0
77,0
78,0
79,0
80,0
81,0
82,0
83,0
84,0
85,0
86,0
87,0
88,0
89,0
90,0
91,0
92,0
93,0
94,0
95,0
96,0
97,0
98,0
99,0
100,0
101,0
102,0
103,0
104,0
105,0
106,0
107,0
108,0
109,0
110,0
111,0
112,0
113,0
114,0
115,0
116,0
117,0
118,0
119,0
120,0
121,0
122,0
123,0
124,0
125,0
126,0
127,0
128,0
129,0
130,0
131,0
132,0
133,0
134,0
135,0
136,0
137,0
138,0
139,0
140,0
141,0
142,0
143,0
144,0
145,0
146,0
147,0
148,0
149,0
150,0
151,0
152,0
153,0
154,0
155,0
156,0
157,0
158,0
159,0
160,0
161,0
162,0
163,0
164,0
165,0
166,0
167,0
168,0
169,0
170,0
171,0
172,0
173,0
174,0
175,0
176,0
177,0
178,0
179,0
180,0
181,0
182,0
183,0
184,0
185,0
186,0
187,0
188,0
189,0
190,0
191,0
192,0
193,0
194,0
195,0
196,0
197,0
198,0
199,0


