Generation 
35

Number of individuals per generation
200

Population scaled variables 
0,22.5490196078,22.5490196078,24.1176470588,16.8627450980,22.5490196078,10.0,22.5490196078,22.5490196078,
1,19.0196078431,19.0196078431,19.0196078431,6.47058823529,19.0196078431,19.1176470588,19.0196078431,19.0196078431,
2,24.7058823529,3.92156862745,11.7647058824,5.49019607843,11.7647058824,8.62745098039,11.7647058824,24.3137254902,
3,11.6666666667,11.6666666667,10.0980392157,11.6666666667,11.6666666667,10.0980392157,11.6666666667,12.4509803922,
4,4.90196078431,4.90196078431,5.0,3.43137254902,5.0,4.90196078431,3.33333333333,4.70588235294,
5,17.9411764706,18.3333333333,17.9411764706,17.8431372549,17.9411764706,16.3725490196,17.8431372549,17.9411764706,
6,11.2745098039,8.13725490196,11.6666666667,11.2745098039,11.2745098039,11.2745098039,11.2745098039,23.8235294118,
7,4.80392156863,4.80392156863,11.4705882353,4.80392156863,4.80392156863,3.43137254902,4.80392156863,4.80392156863,
8,23.9215686275,22.5490196078,22.3529411765,22.3529411765,9.80392156863,22.3529411765,22.3529411765,19.2156862745,
9,15.2941176471,21.5686274510,16.8627450980,13.7254901961,13.7254901961,13.7254901961,20.0,13.7254901961,
10,8.72549019608,12.1568627451,8.62745098039,9.11764705882,9.01960784314,9.01960784314,8.62745098039,6.27450980392,
11,16.2745098039,16.2745098039,16.2745098039,16.2745098039,15.8823529412,16.2745098039,16.3725490196,12.9411764706,
12,2.84313725490,2.45098039216,15.3921568627,2.84313725490,3.03921568627,2.84313725490,3.03921568627,2.84313725490,
13,12.6470588235,13.4313725490,0.0980392156863,12.8431372549,15.9803921569,13.0392156863,15.7843137255,12.6470588235,
14,11.3725490196,23.9215686275,11.4705882353,11.3725490196,10.9803921569,19.2156862745,23.9215686275,11.3725490196,
15,20.2941176471,9.31372549020,9.31372549020,9.31372549020,8.52941176471,9.31372549020,8.82352941176,9.31372549020,
16,15.0980392157,13.5294117647,15.0980392157,15.0980392157,15.0980392157,15.5882352941,15.0980392157,15.0980392157,
17,4.60784313725,2.25490196078,2.25490196078,2.25490196078,2.25490196078,2.25490196078,8.52941176471,0.686274509804,
18,17.4509803922,22.5490196078,16.2745098039,13.1372549020,16.2745098039,17.8431372549,16.0784313725,16.2745098039,
19,20.9803921569,20.9803921569,20.9803921569,20.9803921569,20.9803921569,20.9803921569,20.9803921569,20.5882352941,
20,20.4901960784,20.4901960784,20.4901960784,21.6666666667,20.4901960784,20.4901960784,20.4901960784,20.4901960784,
21,21.2745098039,8.72549019608,21.2745098039,23.8235294118,20.0980392157,8.72549019608,21.2745098039,21.2745098039,
22,10.1960784314,7.05882352941,10.1960784314,7.05882352941,10.2941176471,10.1960784314,10.1960784314,10.1960784314,
23,21.4705882353,15.1960784314,15.1960784314,15.0980392157,18.3333333333,15.1960784314,18.2352941176,21.4705882353,
24,13.2352941176,13.2352941176,14.0196078431,16.3725490196,19.3137254902,13.2352941176,13.2352941176,13.2352941176,
25,14.6078431373,14.6078431373,16.1764705882,14.6078431373,20.7843137255,14.6078431373,5.98039215686,14.2156862745,
26,22.5490196078,18.7254901961,16.2745098039,16.2745098039,16.3725490196,16.2745098039,16.2745098039,15.9803921569,
27,9.60784313725,10.4901960784,23.3333333333,10.1960784314,10.3921568627,10.3921568627,11.9607843137,10.3921568627,
28,2.05882352941,0.882352941176,1.27450980392,0.882352941176,1.47058823529,1.27450980392,1.47058823529,2.05882352941,
29,1.27450980392,6.37254901961,19.3137254902,6.76470588235,7.54901960784,0.490196078431,6.76470588235,6.86274509804,
30,17.4509803922,17.4509803922,17.4509803922,4.90196078431,15.8823529412,15.8823529412,17.2549019608,17.4509803922,
31,20.0,15.4901960784,13.1372549020,20.1960784314,7.64705882353,20.1960784314,20.1960784314,20.1960784314,
32,12.0588235294,11.1764705882,11.1764705882,10.9803921569,24.5098039216,11.1764705882,11.2745098039,11.1764705882,
33,25.0,25.0,25.0,25.0,25.0,10.8823529412,22.6470588235,25.0,
34,22.0588235294,22.8431372549,19.1176470588,22.4509803922,22.0588235294,22.0588235294,22.0588235294,22.0588235294,
35,11.6666666667,11.6666666667,5.0,11.6666666667,8.52941176471,10.0980392157,6.17647058824,11.4705882353,
36,20.9803921569,20.9803921569,20.9803921569,14.7058823529,20.9803921569,20.9803921569,14.7058823529,8.43137254902,
37,0.490196078431,6.76470588235,6.76470588235,9.90196078431,4.41176470588,6.66666666667,6.76470588235,6.76470588235,
38,6.56862745098,6.56862745098,9.70588235294,6.56862745098,6.56862745098,9.70588235294,6.56862745098,6.56862745098,
39,23.0392156863,16.6666666667,13.6274509804,16.7647058824,16.5686274510,3.92156862745,16.7647058824,16.6666666667,
40,5.68627450980,4.90196078431,4.90196078431,4.70588235294,14.3137254902,4.90196078431,10.9803921569,4.70588235294,
41,11.2745098039,8.52941176471,22.6470588235,24.2156862745,24.6078431373,24.2156862745,24.2156862745,25.0,
42,10.2941176471,4.01960784314,4.41176470588,4.21568627451,4.01960784314,4.01960784314,0.882352941176,5.58823529412,
43,4.01960784314,10.1960784314,5.68627450980,3.92156862745,5.49019607843,1.17647058824,5.49019607843,5.49019607843,
44,5.58823529412,2.84313725490,2.45098039216,2.84313725490,2.84313725490,9.11764705882,2.84313725490,2.84313725490,
45,22.7450980392,22.1568627451,22.7450980392,22.7450980392,23.1372549020,22.7450980392,21.9607843137,24.3137254902,
46,11.4705882353,9.90196078431,9.90196078431,6.76470588235,9.50980392157,3.62745098039,5.19607843137,10.0980392157,
47,20.6862745098,6.47058823529,6.47058823529,6.47058823529,7.35294117647,20.6862745098,21.4705882353,19.0196078431,
48,11.5686274510,14.7058823529,11.5686274510,8.43137254902,8.23529411765,8.43137254902,9.21568627451,8.43137254902,
49,23.6274509804,23.8235294118,16.1764705882,23.8235294118,23.6274509804,24.4117647059,11.0784313725,23.6274509804,
50,0.686274509804,0.686274509804,0.686274509804,1.27450980392,0.686274509804,0.686274509804,0.686274509804,2.25490196078,
51,6.76470588235,6.76470588235,6.76470588235,19.3137254902,8.52941176471,6.76470588235,6.76470588235,6.76470588235,
52,17.3529411765,17.2549019608,5.58823529412,17.3529411765,17.3529411765,17.3529411765,17.3529411765,23.6274509804,
53,24.3137254902,24.3137254902,24.3137254902,24.3137254902,18.0392156863,24.3137254902,24.3137254902,22.7450980392,
54,21.7647058824,21.7647058824,21.7647058824,21.7647058824,21.0784313725,9.21568627451,21.7647058824,15.4901960784,
55,16.2745098039,22.1568627451,22.5490196078,23.3333333333,9.60784313725,22.5490196078,22.5490196078,22.1568627451,
56,1.17647058824,11.1764705882,9.80392156863,8.62745098039,9.41176470588,0.78431372549,10.1960784314,7.15686274510,
57,17.4509803922,17.4509803922,17.5490196078,17.4509803922,17.8431372549,4.90196078431,17.9411764706,17.4509803922,
58,17.4509803922,17.3529411765,17.3529411765,17.3529411765,15.7843137255,17.3529411765,17.3529411765,3.62745098039,
59,20.7843137255,20.7843137255,20.9803921569,20.7843137255,20.7843137255,20.7843137255,14.5098039216,20.7843137255,
60,21.8627450980,20.2941176471,21.0784313725,21.0784313725,21.7647058824,21.0784313725,21.0784313725,21.0784313725,
61,15.7843137255,21.9607843137,22.0588235294,15.7843137255,22.0588235294,9.50980392157,22.0588235294,22.0588235294,
62,9.70588235294,20.6862745098,19.1176470588,19.5098039216,19.1176470588,19.1176470588,19.1176470588,12.7450980392,
63,20.0980392157,20.0980392157,20.0980392157,20.0980392157,7.54901960784,13.8235294118,21.6666666667,21.6666666667,
64,15.8823529412,15.9803921569,15.8823529412,22.1568627451,15.8823529412,15.8823529412,15.8823529412,15.8823529412,
65,14.3137254902,1.86274509804,14.4117647059,14.4117647059,14.4117647059,14.4117647059,14.4117647059,1.86274509804,
66,0.490196078431,0.392156862745,6.76470588235,6.76470588235,0.686274509804,6.76470588235,6.76470588235,3.62745098039,
67,2.35294117647,8.62745098039,8.62745098039,2.74509803922,2.74509803922,0.78431372549,1.56862745098,2.35294117647,
68,8.52941176471,8.52941176471,2.25490196078,21.8627450980,8.52941176471,8.33333333333,8.52941176471,8.52941176471,
69,1.56862745098,1.56862745098,1.96078431373,1.56862745098,1.76470588235,1.56862745098,1.56862745098,14.1176470588,
70,15.8823529412,9.60784313725,22.1568627451,9.60784313725,23.7254901961,22.5490196078,22.1568627451,21.9607843137,
71,18.3333333333,18.3333333333,18.3333333333,5.78431372549,18.3333333333,24.6078431373,18.3333333333,18.1372549020,
72,14.4117647059,14.4117647059,20.6862745098,8.13725490196,20.6862745098,20.6862745098,19.1176470588,18.9215686275,
73,22.7450980392,21.9607843137,21.9607843137,22.2549019608,16.4705882353,12.5490196078,23.5294117647,21.9607843137,
74,10.1960784314,16.4705882353,7.05882352941,6.27450980392,9.41176470588,9.80392156863,10.1960784314,22.7450980392,
75,24.0196078431,24.0196078431,24.0196078431,24.0196078431,24.0196078431,24.0196078431,25.0,24.0196078431,
76,8.13725490196,8.13725490196,0.294117647059,6.47058823529,6.56862745098,18.8235294118,3.82352941176,6.56862745098,
77,18.1372549020,5.49019607843,18.1372549020,16.5686274510,23.2352941176,18.1372549020,18.1372549020,18.1372549020,
78,9.21568627451,9.21568627451,2.94117647059,9.21568627451,9.21568627451,9.21568627451,9.21568627451,7.64705882353,
79,6.17647058824,18.3333333333,5.78431372549,6.17647058824,5.0,6.17647058824,4.21568627451,5.78431372549,
80,21.8627450980,23.4313725490,25.0,23.2352941176,21.0784313725,14.6078431373,24.4117647059,21.8627450980,
81,22.4509803922,22.4509803922,19.3137254902,22.6470588235,22.4509803922,22.4509803922,22.4509803922,22.6470588235,
82,22.7450980392,22.9411764706,22.9411764706,22.9411764706,22.9411764706,22.9411764706,19.8039215686,22.2549019608,
83,22.0588235294,10.0980392157,9.50980392157,9.50980392157,9.41176470588,9.50980392157,6.37254901961,23.6274509804,
84,0.0,12.6470588235,2.35294117647,6.27450980392,0.0,0.0,2.35294117647,0.0,
85,8.92156862745,21.8627450980,8.92156862745,8.92156862745,8.82352941176,8.92156862745,21.4705882353,8.92156862745,
86,11.6666666667,11.6666666667,17.7450980392,5.39215686275,17.9411764706,11.6666666667,9.31372549020,5.39215686275,
87,14.3137254902,13.5294117647,14.3137254902,2.54901960784,15.0980392157,15.4901960784,21.4705882353,15.0980392157,
88,6.66666666667,7.84313725490,8.23529411765,8.23529411765,8.43137254902,1.96078431373,8.23529411765,7.84313725490,
89,9.90196078431,16.1764705882,19.3137254902,22.4509803922,24.0196078431,22.4509803922,22.6470588235,22.4509803922,
90,23.3333333333,22.5490196078,22.5490196078,22.5490196078,22.1568627451,11.5686274510,15.8823529412,16.2745098039,
91,10.2941176471,4.01960784314,10.2941176471,10.2941176471,10.2941176471,10.2941176471,3.23529411765,10.2941176471,
92,22.5490196078,22.5490196078,23.3333333333,22.3529411765,22.5490196078,22.5490196078,22.5490196078,22.5490196078,
93,24.8039215686,24.3137254902,24.8039215686,24.4117647059,24.8039215686,23.2352941176,24.8039215686,24.8039215686,
94,18.2352941176,18.2352941176,18.2352941176,16.6666666667,18.6274509804,18.2352941176,18.0392156863,18.2352941176,
95,22.5490196078,22.6470588235,10.0980392157,22.5490196078,22.5490196078,22.3529411765,15.8823529412,22.1568627451,
96,12.8431372549,1.86274509804,0.686274509804,0.294117647059,0.294117647059,0.294117647059,0.294117647059,0.294117647059,
97,15.8823529412,16.6666666667,15.8823529412,17.4509803922,15.8823529412,15.9803921569,3.92156862745,15.9803921569,
98,12.6470588235,13.0392156863,18.9215686275,12.6470588235,15.7843137255,18.9215686275,18.9215686275,12.6470588235,
99,11.9607843137,5.68627450980,2.54901960784,5.68627450980,15.0980392157,4.11764705882,4.11764705882,5.68627450980,
100,11.0784313725,11.0784313725,17.3529411765,11.0784313725,9.41176470588,6.37254901961,11.0784313725,11.4705882353,
101,23.3333333333,23.4313725490,17.1568627451,24.8039215686,25.0,23.4313725490,23.4313725490,23.2352941176,
102,23.7254901961,23.7254901961,24.1176470588,23.7254901961,22.1568627451,23.7254901961,17.5490196078,22.1568627451,
103,13.2352941176,13.2352941176,13.2352941176,13.2352941176,13.2352941176,0.686274509804,13.0392156863,13.2352941176,
104,1.37254901961,4.50980392157,5.88235294118,4.50980392157,4.50980392157,4.50980392157,4.50980392157,4.50980392157,
105,24.1176470588,23.3333333333,25.0,23.3333333333,24.1176470588,23.3333333333,12.3529411765,21.7647058824,
106,3.43137254902,9.70588235294,3.43137254902,9.70588235294,9.70588235294,11.6666666667,10.4901960784,9.70588235294,
107,9.21568627451,9.31372549020,12.4509803922,3.03921568627,9.31372549020,3.03921568627,9.31372549020,9.31372549020,
108,5.09803921569,6.07843137255,5.88235294118,5.88235294118,5.98039215686,5.88235294118,3.92156862745,5.88235294118,
109,3.03921568627,2.64705882353,2.64705882353,8.92156862745,2.64705882353,15.0,2.54901960784,5.78431372549,
110,9.80392156863,9.41176470588,9.41176470588,4.70588235294,9.80392156863,9.41176470588,9.41176470588,6.47058823529,
111,9.50980392157,9.50980392157,9.50980392157,9.70588235294,3.13725490196,6.37254901961,9.50980392157,22.0588235294,
112,10.9803921569,9.90196078431,11.3725490196,11.3725490196,10.9803921569,11.3725490196,10.9803921569,12.1568627451,
113,15.7843137255,15.7843137255,16.9607843137,12.6470588235,15.7843137255,15.7843137255,15.7843137255,16.5686274510,
114,15.6862745098,15.7843137255,16.1764705882,15.7843137255,22.0588235294,16.5686274510,16.1764705882,23.6274509804,
115,19.4117647059,14.7058823529,13.1372549020,0.588235294118,0.196078431373,13.1372549020,13.1372549020,12.7450980392,
116,1.96078431373,5.09803921569,2.74509803922,5.09803921569,5.09803921569,3.52941176471,5.09803921569,5.09803921569,
117,8.43137254902,20.9803921569,6.86274509804,8.43137254902,8.43137254902,8.43137254902,8.23529411765,8.43137254902,
118,6.17647058824,6.17647058824,6.17647058824,6.17647058824,5.39215686275,5.78431372549,4.60784313725,6.17647058824,
119,8.33333333333,8.72549019608,9.11764705882,9.11764705882,9.11764705882,9.11764705882,7.54901960784,12.2549019608,
120,19.1176470588,22.2549019608,19.1176470588,19.1176470588,19.1176470588,19.9019607843,19.0196078431,19.1176470588,
121,12.0588235294,12.0588235294,12.0588235294,12.0588235294,12.0588235294,11.2745098039,12.0588235294,8.92156862745,
122,17.2549019608,17.6470588235,17.2549019608,17.2549019608,14.1176470588,17.4509803922,17.2549019608,15.6862745098,
123,4.70588235294,4.70588235294,4.90196078431,17.2549019608,4.70588235294,1.56862745098,4.70588235294,4.70588235294,
124,7.15686274510,7.15686274510,21.2745098039,7.15686274510,0.882352941176,7.54901960784,7.05882352941,7.15686274510,
125,15.0,15.0,21.2745098039,15.0,2.84313725490,21.2745098039,15.3921568627,14.2156862745,
126,7.25490196078,8.82352941176,8.92156862745,8.82352941176,8.82352941176,11.9607843137,8.82352941176,8.82352941176,
127,17.1568627451,23.4313725490,17.1568627451,14.0196078431,17.1568627451,17.1568627451,17.1568627451,17.1568627451,
128,11.2745098039,23.8235294118,11.2745098039,11.0784313725,9.70588235294,11.2745098039,11.1764705882,9.70588235294,
129,24.1176470588,22.6470588235,6.96078431373,23.4313725490,22.6470588235,23.4313725490,17.5490196078,22.6470588235,
130,20.0980392157,20.0980392157,16.9607843137,19.7058823529,20.0980392157,20.0980392157,7.74509803922,6.76470588235,
131,9.80392156863,23.1372549020,22.3529411765,10.5882352941,9.41176470588,9.80392156863,9.80392156863,9.80392156863,
132,12.2549019608,10.6862745098,10.6862745098,11.4705882353,10.6862745098,10.6862745098,10.5882352941,10.6862745098,
133,3.52941176471,9.80392156863,22.3529411765,22.3529411765,21.9607843137,7.45098039216,9.41176470588,10.0,
134,17.9411764706,17.9411764706,17.9411764706,17.9411764706,24.2156862745,17.9411764706,17.9411764706,17.9411764706,
135,6.96078431373,6.96078431373,6.86274509804,6.96078431373,6.96078431373,6.96078431373,6.96078431373,6.96078431373,
136,20.7843137255,20.3921568627,20.5882352941,18.8235294118,14.1176470588,10.9803921569,20.3921568627,20.3921568627,
137,3.52941176471,3.62745098039,3.62745098039,3.52941176471,13.8235294118,3.23529411765,5.19607843137,3.62745098039,
138,19.0196078431,19.0196078431,19.0196078431,7.84313725490,13.6274509804,19.0196078431,19.0196078431,19.0196078431,
139,13.1372549020,13.2352941176,16.3725490196,13.2352941176,13.1372549020,13.2352941176,13.2352941176,14.0196078431,
140,6.96078431373,10.0980392157,6.96078431373,6.96078431373,6.86274509804,6.96078431373,6.96078431373,6.96078431373,
141,23.5294117647,23.6274509804,17.2549019608,23.6274509804,4.80392156863,23.6274509804,23.5294117647,23.5294117647,
142,16.7647058824,16.7647058824,16.7647058824,16.7647058824,17.5490196078,15.1960784314,16.7647058824,1.07843137255,
143,12.9411764706,13.7254901961,13.7254901961,20.0,13.9215686275,13.3333333333,16.8627450980,15.2941176471,
144,3.92156862745,5.49019607843,5.49019607843,4.31372549020,4.31372549020,5.49019607843,8.62745098039,4.70588235294,
145,23.0392156863,7.54901960784,22.7450980392,22.8431372549,22.8431372549,22.8431372549,24.6078431373,22.0588235294,
146,3.43137254902,3.33333333333,3.33333333333,4.80392156863,3.33333333333,3.33333333333,3.33333333333,3.33333333333,
147,17.4509803922,23.5294117647,17.2549019608,17.2549019608,15.6862745098,17.2549019608,4.90196078431,17.2549019608,
148,13.3333333333,16.4705882353,13.3333333333,13.3333333333,13.3333333333,13.3333333333,13.7254901961,14.9019607843,
149,17.4509803922,17.8431372549,17.4509803922,17.4509803922,17.4509803922,17.8431372549,17.8431372549,17.4509803922,
150,6.76470588235,7.54901960784,6.76470588235,6.76470588235,19.3137254902,6.76470588235,8.33333333333,8.33333333333,
151,20.5882352941,20.5882352941,20.5882352941,8.13725490196,23.7254901961,6.47058823529,20.5882352941,20.5882352941,
152,12.8431372549,12.8431372549,12.8431372549,12.8431372549,14.4117647059,12.8431372549,12.8431372549,19.8039215686,
153,7.54901960784,10.6862745098,7.54901960784,6.76470588235,7.54901960784,7.54901960784,7.54901960784,7.54901960784,
154,17.9411764706,15.0,18.3333333333,24.6078431373,17.4509803922,17.5490196078,18.2352941176,18.3333333333,
155,22.6470588235,17.9411764706,16.3725490196,0.686274509804,16.1764705882,24.2156862745,15.9803921569,16.9607843137,
156,12.7450980392,16.0784313725,15.8823529412,15.8823529412,15.8823529412,15.8823529412,16.2745098039,12.7450980392,
157,11.6666666667,24.0196078431,11.6666666667,11.6666666667,12.4509803922,11.6666666667,12.4509803922,11.6666666667,
158,1.76470588235,1.76470588235,1.56862745098,1.76470588235,2.94117647059,0.196078431373,1.76470588235,1.76470588235,
159,1.07843137255,1.07843137255,1.07843137255,1.47058823529,1.47058823529,1.07843137255,1.07843137255,1.07843137255,
160,21.0784313725,19.5098039216,19.5098039216,19.5098039216,19.5098039216,22.6470588235,19.5098039216,19.5098039216,
161,8.33333333333,8.33333333333,8.33333333333,11.2745098039,8.33333333333,8.33333333333,8.33333333333,8.33333333333,
162,1.66666666667,14.4117647059,0.0980392156863,1.66666666667,1.66666666667,1.66666666667,1.56862745098,1.66666666667,
163,2.25490196078,2.05882352941,0.490196078431,2.05882352941,0.490196078431,2.05882352941,5.19607843137,0.490196078431,
164,4.41176470588,4.41176470588,4.41176470588,4.31372549020,4.41176470588,0.882352941176,5.88235294118,5.98039215686,
165,2.05882352941,24.0196078431,19.3137254902,2.05882352941,14.6078431373,14.6078431373,14.6078431373,14.6078431373,
166,2.25490196078,2.25490196078,2.05882352941,2.25490196078,3.03921568627,3.03921568627,2.25490196078,2.25490196078,
167,5.19607843137,17.5490196078,6.56862745098,17.3529411765,5.0,4.90196078431,5.0,3.43137254902,
168,0.490196078431,2.05882352941,2.05882352941,0.0980392156863,2.05882352941,1.66666666667,0.490196078431,0.490196078431,
169,20.9803921569,17.4509803922,24.1176470588,24.1176470588,24.9019607843,11.6666666667,23.9215686275,24.1176470588,
170,21.0784313725,14.6078431373,20.8823529412,20.8823529412,21.8627450980,20.8823529412,20.8823529412,20.4901960784,
171,24.0196078431,24.0196078431,23.9215686275,24.0196078431,11.4705882353,24.0196078431,20.8823529412,24.0196078431,
172,2.15686274510,2.25490196078,3.03921568627,2.25490196078,2.25490196078,2.25490196078,8.52941176471,2.25490196078,
173,19.0196078431,19.0196078431,12.7450980392,19.0196078431,19.1176470588,19.0196078431,19.0196078431,19.0196078431,
174,6.96078431373,0.588235294118,3.82352941176,3.72549019608,2.15686274510,0.686274509804,6.96078431373,1.47058823529,
175,11.2745098039,11.0784313725,4.80392156863,17.3529411765,11.8627450980,11.0784313725,5.58823529412,11.0784313725,
176,11.0784313725,9.50980392157,23.8235294118,10.9803921569,11.0784313725,4.80392156863,9.50980392157,11.8627450980,
177,11.8627450980,24.4117647059,24.4117647059,11.8627450980,24.3137254902,24.4117647059,24.4117647059,24.4117647059,
178,10.4901960784,4.21568627451,4.21568627451,4.21568627451,10.4901960784,1.07843137255,4.60784313725,5.78431372549,
179,4.01960784314,10.2941176471,12.0588235294,10.2941176471,11.8627450980,12.2549019608,10.2941176471,10.6862745098,
180,11.2745098039,11.2745098039,11.2745098039,11.2745098039,12.0588235294,11.2745098039,11.2745098039,11.2745098039,
181,11.1764705882,11.1764705882,9.41176470588,8.03921568627,11.1764705882,11.5686274510,23.7254901961,10.9803921569,
182,8.43137254902,8.43137254902,8.43137254902,8.43137254902,8.43137254902,8.43137254902,8.43137254902,9.21568627451,
183,15.0,1.37254901961,0.78431372549,0.78431372549,2.35294117647,2.35294117647,7.05882352941,0.78431372549,
184,8.13725490196,8.52941176471,8.13725490196,8.52941176471,10.0980392157,8.52941176471,11.6666666667,8.13725490196,
185,7.74509803922,10.6862745098,10.8823529412,12.4509803922,23.3333333333,4.60784313725,10.7843137255,10.8823529412,
186,3.62745098039,16.1764705882,3.23529411765,0.490196078431,5.19607843137,3.62745098039,3.62745098039,3.82352941176,
187,10.1960784314,4.11764705882,7.25490196078,7.05882352941,10.3921568627,10.3921568627,10.3921568627,11.9607843137,
188,15.4901960784,15.5882352941,21.3725490196,15.4901960784,15.4901960784,15.4901960784,15.4901960784,2.94117647059,
189,8.03921568627,8.03921568627,8.03921568627,8.43137254902,19.0196078431,7.84313725490,8.03921568627,11.1764705882,
190,19.1176470588,19.9019607843,19.1176470588,22.2549019608,19.1176470588,22.0588235294,19.0196078431,12.8431372549,
191,20.3921568627,9.70588235294,13.3333333333,4.31372549020,0.294117647059,12.3529411765,22.2549019608,24.3137254902,
192,6.56862745098,0.294117647059,1.27450980392,24.9019607843,4.11764705882,9.21568627451,4.31372549020,14.1176470588,
193,15.8823529412,23.7254901961,24.5098039216,5.78431372549,20.4901960784,20.0980392157,1.47058823529,16.1764705882,
194,8.52941176471,11.3725490196,24.4117647059,8.33333333333,14.9019607843,4.60784313725,16.6666666667,5.88235294118,
195,22.4509803922,3.03921568627,2.54901960784,20.0980392157,14.9019607843,14.9019607843,5.78431372549,24.9019607843,
196,0.686274509804,10.0980392157,10.1960784314,12.5490196078,0.490196078431,9.01960784314,12.2549019608,21.8627450980,
197,22.0588235294,12.9411764706,7.25490196078,6.17647058824,9.70588235294,1.47058823529,7.15686274510,7.05882352941,
198,11.2745098039,15.4901960784,9.01960784314,22.4509803922,6.86274509804,1.07843137255,5.88235294118,13.9215686275,
199,11.0784313725,20.0,13.7254901961,22.8431372549,13.7254901961,6.56862745098,12.9411764706,3.72549019608,

Population fitness value 
0,0
1,0
2,0
3,0
4,0
5,0
6,0
7,0
8,0
9,0
10,0
11,0
12,0
13,0
14,0
15,0
16,0
17,0
18,0
19,0
20,0
21,0
22,0
23,0
24,0
25,0
26,0
27,0
28,0
29,0
30,0
31,0
32,0
33,0
34,0
35,0
36,0
37,0
38,0
39,0
40,0
41,0
42,0
43,0
44,0
45,0
46,0
47,0
48,0
49,0
50,0
51,0
52,0
53,0
54,0
55,0
56,0
57,0
58,0
59,0
60,0
61,0
62,0
63,0
64,0
65,0
66,0
67,0
68,0
69,0
70,0
71,0
72,0
73,0
74,0
75,0
76,0
77,0
78,0
79,0
80,0
81,0
82,0
83,0
84,0
85,0
86,0
87,0
88,0
89,0
90,0
91,0
92,0
93,0
94,0
95,0
96,0
97,0
98,0
99,0
100,0
101,0
102,0
103,0
104,0
105,0
106,0
107,0
108,0
109,0
110,0
111,0
112,0
113,0
114,0
115,0
116,0
117,0
118,0
119,0
120,0
121,0
122,0
123,0
124,0
125,0
126,0
127,0
128,0
129,0
130,0
131,0
132,0
133,0
134,0
135,0
136,0
137,0
138,0
139,0
140,0
141,0
142,0
143,0
144,0
145,0
146,0
147,0
148,0
149,0
150,0
151,0
152,0
153,0
154,0
155,0
156,0
157,0
158,0
159,0
160,0
161,0
162,0
163,0
164,0
165,0
166,0
167,0
168,0
169,0
170,0
171,0
172,0
173,0
174,0
175,0
176,0
177,0
178,0
179,0
180,0
181,0
182,0
183,0
184,0
185,0
186,0
187,0
188,0
189,0
190,0
191,0
192,0
193,0
194,0
195,0
196,0
197,0
198,0
199,0


