Generation 
21

Number of individuals per generation
200

Population scaled variables 
0,20.0980392157,18.9215686275,18.9215686275,18.9215686275,18.9215686275,19.1176470588,18.9215686275,12.5490196078,
1,9.60784313725,15.8823529412,15.9803921569,15.9803921569,15.8823529412,15.8823529412,15.8823529412,15.8823529412,
2,16.7647058824,4.21568627451,7.35294117647,4.21568627451,4.21568627451,4.01960784314,4.01960784314,4.21568627451,
3,8.43137254902,8.03921568627,19.0196078431,8.43137254902,8.03921568627,7.94117647059,8.03921568627,8.03921568627,
4,7.94117647059,11.0784313725,11.0784313725,11.2745098039,11.0784313725,12.2549019608,12.2549019608,11.0784313725,
5,10.0980392157,10.0,10.6862745098,10.0980392157,24.2156862745,22.6470588235,10.0980392157,10.0980392157,
6,9.70588235294,0.0980392156863,9.60784313725,9.70588235294,6.96078431373,9.70588235294,9.70588235294,9.50980392157,
7,9.50980392157,6.37254901961,6.37254901961,6.37254901961,6.27450980392,6.56862745098,0.882352941176,6.37254901961,
8,11.3725490196,11.5686274510,11.3725490196,8.23529411765,11.3725490196,11.3725490196,11.3725490196,4.50980392157,
9,13.6274509804,14.0196078431,15.1960784314,13.6274509804,13.6274509804,13.6274509804,13.4313725490,13.6274509804,
10,4.31372549020,4.60784313725,4.41176470588,4.01960784314,4.41176470588,1.27450980392,4.01960784314,4.41176470588,
11,10.6862745098,16.3725490196,16.9607843137,16.8627450980,17.0588235294,16.5686274510,16.9607843137,17.7450980392,
12,15.3921568627,15.3921568627,15.2941176471,14.5098039216,15.3921568627,22.4509803922,13.7254901961,15.3921568627,
13,0.686274509804,0.490196078431,3.82352941176,0.294117647059,7.74509803922,0.686274509804,2.25490196078,0.686274509804,
14,20.4901960784,18.8235294118,19.7058823529,18.9215686275,18.9215686275,6.37254901961,18.9215686275,18.9215686275,
15,8.82352941176,23.7254901961,10.9803921569,11.1764705882,23.7254901961,11.1764705882,11.1764705882,11.1764705882,
16,24.7058823529,24.8039215686,24.7058823529,8.62745098039,24.7058823529,24.7058823529,18.4313725490,24.7058823529,
17,9.11764705882,8.33333333333,10.6862745098,9.11764705882,9.11764705882,9.11764705882,7.54901960784,9.31372549020,
18,6.37254901961,6.37254901961,6.37254901961,6.37254901961,6.37254901961,6.76470588235,0.0980392156863,9.41176470588,
19,23.8235294118,11.2745098039,5.0,5.0,23.8235294118,11.9607843137,3.43137254902,11.2745098039,
20,15.0,15.0,2.45098039216,21.6666666667,15.0,14.2156862745,21.2745098039,5.58823529412,
21,21.2745098039,21.4705882353,21.2745098039,21.6666666667,21.2745098039,15.0,21.2745098039,9.11764705882,
22,15.8823529412,15.8823529412,4.90196078431,12.7450980392,18.2352941176,15.8823529412,15.8823529412,15.8823529412,
23,9.01960784314,8.82352941176,8.62745098039,8.62745098039,21.1764705882,8.62745098039,8.72549019608,21.1764705882,
24,0.686274509804,0.686274509804,0.686274509804,0.588235294118,0.686274509804,0.686274509804,13.2352941176,0.686274509804,
25,2.25490196078,8.43137254902,2.15686274510,2.15686274510,2.15686274510,2.15686274510,2.15686274510,2.94117647059,
26,10.2941176471,10.6862745098,9.90196078431,9.90196078431,9.90196078431,9.90196078431,10.7843137255,9.90196078431,
27,3.33333333333,22.5490196078,15.8823529412,15.8823529412,15.8823529412,16.0784313725,15.8823529412,15.8823529412,
28,13.8235294118,13.8235294118,13.8235294118,13.8235294118,14.0196078431,13.8235294118,16.9607843137,13.7254901961,
29,23.6274509804,17.2549019608,20.3921568627,10.9803921569,23.5294117647,21.9607843137,23.5294117647,23.5294117647,
30,4.01960784314,4.21568627451,11.8627450980,4.01960784314,5.58823529412,5.58823529412,5.58823529412,5.58823529412,
31,12.2549019608,5.98039215686,12.2549019608,12.2549019608,12.2549019608,12.2549019608,12.2549019608,12.2549019608,
32,15.0,21.6666666667,21.8627450980,21.6666666667,21.6666666667,23.2352941176,21.6666666667,21.6666666667,
33,11.6666666667,5.39215686275,24.2156862745,5.39215686275,5.0,5.39215686275,2.25490196078,4.90196078431,
34,21.7647058824,21.3725490196,21.3725490196,19.8039215686,19.8039215686,21.3725490196,8.62745098039,21.3725490196,
35,12.7450980392,15.8823529412,0.196078431373,12.7450980392,0.196078431373,12.7450980392,12.9411764706,12.7450980392,
36,18.0392156863,18.0392156863,18.4313725490,17.2549019608,5.49019607843,18.4313725490,18.4313725490,4.70588235294,
37,5.98039215686,12.2549019608,24.6078431373,15.3921568627,24.8039215686,25.0,18.5294117647,24.8039215686,
38,16.7647058824,13.5294117647,13.6274509804,19.9019607843,16.7647058824,19.9019607843,13.4313725490,13.6274509804,
39,18.5294117647,18.5294117647,24.8039215686,22.4509803922,21.6666666667,24.8039215686,23.2352941176,24.8039215686,
40,0.686274509804,0.686274509804,3.82352941176,3.82352941176,0.686274509804,0.196078431373,0.686274509804,0.686274509804,
41,9.90196078431,9.90196078431,10.9803921569,9.90196078431,22.4509803922,6.66666666667,6.76470588235,6.96078431373,
42,18.1372549020,14.2156862745,18.1372549020,17.3529411765,17.3529411765,17.3529411765,17.3529411765,23.8235294118,
43,8.52941176471,8.13725490196,8.13725490196,6.56862745098,1.86274509804,7.94117647059,8.13725490196,6.56862745098,
44,5.19607843137,18.5294117647,17.7450980392,18.5294117647,14.6078431373,17.7450980392,16.1764705882,24.0196078431,
45,16.3725490196,24.0196078431,17.9411764706,17.9411764706,17.9411764706,18.7254901961,17.9411764706,17.7450980392,
46,14.8039215686,13.2352941176,13.1372549020,13.0392156863,13.2352941176,13.2352941176,13.2352941176,13.2352941176,
47,14.5098039216,14.6078431373,14.5098039216,17.2549019608,14.5098039216,14.5098039216,14.5098039216,14.5098039216,
48,7.05882352941,10.4901960784,7.15686274510,7.05882352941,8.72549019608,7.15686274510,0.78431372549,7.15686274510,
49,1.66666666667,12.6470588235,1.86274509804,1.66666666667,1.66666666667,1.66666666667,1.66666666667,1.66666666667,
50,13.8235294118,1.27450980392,16.9607843137,15.3921568627,13.8235294118,13.8235294118,13.8235294118,13.8235294118,
51,5.29411764706,11.6666666667,5.29411764706,5.29411764706,6.07843137255,6.07843137255,4.90196078431,1.76470588235,
52,0.686274509804,1.37254901961,6.96078431373,0.686274509804,0.686274509804,3.43137254902,0.588235294118,0.686274509804,
53,25.0,24.9019607843,21.7647058824,24.7058823529,24.6078431373,21.7647058824,24.9019607843,24.1176470588,
54,5.88235294118,21.5686274510,9.01960784314,7.54901960784,9.01960784314,23.9215686275,21.7647058824,9.01960784314,
55,18.1372549020,18.1372549020,18.1372549020,18.1372549020,15.0,5.78431372549,18.1372549020,18.1372549020,
56,12.0588235294,11.9607843137,8.92156862745,12.0588235294,8.82352941176,18.3333333333,12.4509803922,12.0588235294,
57,22.2549019608,22.0588235294,15.6862745098,9.50980392157,23.6274509804,22.0588235294,22.0588235294,22.0588235294,
58,8.43137254902,8.43137254902,8.43137254902,8.43137254902,24.1176470588,8.43137254902,8.52941176471,2.25490196078,
59,18.3333333333,18.3333333333,16.7647058824,18.3333333333,24.6078431373,18.3333333333,18.3333333333,18.3333333333,
60,1.47058823529,7.74509803922,1.47058823529,7.54901960784,1.47058823529,1.47058823529,1.47058823529,1.47058823529,
61,10.2941176471,4.11764705882,10.6862745098,7.15686274510,10.2941176471,10.2941176471,10.2941176471,10.2941176471,
62,5.0,5.0,5.78431372549,4.90196078431,4.90196078431,4.90196078431,4.80392156863,5.78431372549,
63,5.78431372549,5.78431372549,5.78431372549,5.78431372549,18.3333333333,5.78431372549,12.0588235294,5.0,
64,12.3529411765,9.21568627451,8.43137254902,21.7647058824,9.01960784314,8.92156862745,9.01960784314,21.5686274510,
65,1.17647058824,1.17647058824,0.78431372549,1.17647058824,1.37254901961,1.17647058824,7.05882352941,4.31372549020,
66,1.27450980392,7.54901960784,9.01960784314,6.76470588235,7.74509803922,7.54901960784,2.84313725490,7.54901960784,
67,19.1176470588,18.9215686275,19.1176470588,19.1176470588,20.2941176471,19.1176470588,12.8431372549,19.1176470588,
68,4.90196078431,3.72549019608,2.15686274510,3.72549019608,5.09803921569,2.15686274510,5.29411764706,5.29411764706,
69,23.7254901961,23.7254901961,23.7254901961,23.7254901961,23.5294117647,23.7254901961,23.7254901961,23.7254901961,
70,2.25490196078,2.25490196078,2.25490196078,8.52941176471,8.33333333333,2.25490196078,1.86274509804,1.86274509804,
71,15.7843137255,23.2352941176,22.4509803922,22.4509803922,10.2941176471,19.3137254902,9.90196078431,22.4509803922,
72,6.07843137255,1.37254901961,2.94117647059,3.03921568627,12.1568627451,2.15686274510,1.37254901961,2.94117647059,
73,17.6470588235,18.4313725490,5.88235294118,18.4313725490,18.5294117647,5.88235294118,18.4313725490,18.4313725490,
74,15.7843137255,15.7843137255,15.7843137255,3.23529411765,15.7843137255,15.7843137255,22.0588235294,15.7843137255,
75,14.8039215686,2.25490196078,14.7058823529,2.25490196078,14.8039215686,14.8039215686,2.25490196078,19.5098039216,
76,13.3333333333,13.9215686275,14.7058823529,13.1372549020,13.9215686275,20.1960784314,13.5294117647,13.9215686275,
77,10.3921568627,19.8039215686,20.1960784314,19.8039215686,20.1960784314,19.8039215686,20.1960784314,19.8039215686,
78,10.3921568627,4.11764705882,16.6666666667,13.5294117647,16.6666666667,22.9411764706,16.6666666667,13.3333333333,
79,5.49019607843,11.7647058824,11.7647058824,11.8627450980,11.7647058824,11.7647058824,11.8627450980,12.1568627451,
80,5.58823529412,4.80392156863,4.80392156863,11.0784313725,4.80392156863,4.80392156863,4.80392156863,4.90196078431,
81,6.47058823529,12.7450980392,6.47058823529,0.196078431373,0.588235294118,0.196078431373,6.47058823529,15.9803921569,
82,15.8823529412,16.6666666667,15.9803921569,15.8823529412,0.196078431373,15.8823529412,15.8823529412,15.8823529412,
83,5.98039215686,12.2549019608,12.2549019608,12.2549019608,12.2549019608,9.11764705882,12.2549019608,12.2549019608,
84,11.1764705882,11.1764705882,18.2352941176,11.1764705882,11.9607843137,11.9607843137,11.1764705882,11.1764705882,
85,22.0588235294,22.4509803922,22.0588235294,15.7843137255,9.50980392157,22.0588235294,16.1764705882,22.6470588235,
86,14.1176470588,18.0392156863,14.1176470588,14.1176470588,20.3921568627,14.9019607843,14.1176470588,14.1176470588,
87,14.7058823529,15.4901960784,15.1960784314,14.7058823529,17.9411764706,14.7058823529,14.7058823529,2.54901960784,
88,6.56862745098,0.686274509804,6.56862745098,6.37254901961,6.56862745098,6.56862745098,6.56862745098,9.70588235294,
89,1.96078431373,1.17647058824,1.17647058824,1.17647058824,4.31372549020,1.17647058824,1.17647058824,1.17647058824,
90,19.1176470588,22.2549019608,22.2549019608,19.9019607843,19.1176470588,19.1176470588,19.1176470588,19.1176470588,
91,19.5098039216,19.3137254902,22.6470588235,13.2352941176,20.2941176471,19.5098039216,19.5098039216,19.5098039216,
92,7.25490196078,6.56862745098,7.35294117647,9.70588235294,19.1176470588,9.70588235294,6.56862745098,10.0980392157,
93,7.54901960784,6.76470588235,7.54901960784,6.76470588235,6.96078431373,7.54901960784,19.3137254902,6.76470588235,
94,7.05882352941,19.6078431373,7.05882352941,7.05882352941,9.41176470588,7.05882352941,7.05882352941,8.62745098039,
95,23.6274509804,24.0196078431,22.2549019608,23.8235294118,11.4705882353,17.3529411765,23.6274509804,20.4901960784,
96,4.50980392157,4.11764705882,3.33333333333,5.29411764706,4.11764705882,4.11764705882,4.11764705882,10.3921568627,
97,4.70588235294,17.3529411765,5.68627450980,17.5490196078,17.5490196078,4.80392156863,17.3529411765,4.80392156863,
98,13.3333333333,13.7254901961,13.3333333333,16.8627450980,23.1372549020,13.7254901961,13.7254901961,13.7254901961,
99,10.7843137255,10.0,10.0,11.5686274510,10.0980392157,11.5686274510,10.7843137255,10.0,
100,4.90196078431,2.15686274510,15.4901960784,1.76470588235,0.196078431373,5.29411764706,1.76470588235,1.76470588235,
101,24.5098039216,22.9411764706,22.9411764706,22.9411764706,16.6666666667,22.9411764706,16.6666666667,24.5098039216,
102,12.9411764706,16.0784313725,13.1372549020,12.9411764706,12.9411764706,2.15686274510,4.31372549020,16.1764705882,
103,22.0588235294,9.70588235294,9.70588235294,11.0784313725,11.2745098039,15.9803921569,22.6470588235,3.82352941176,
104,20.3921568627,21.1764705882,14.1176470588,17.4509803922,20.3921568627,21.9607843137,20.3921568627,20.3921568627,
105,15.9803921569,15.9803921569,15.9803921569,15.9803921569,3.43137254902,16.3725490196,16.6666666667,15.9803921569,
106,6.27450980392,7.84313725490,23.5294117647,7.84313725490,7.84313725490,7.84313725490,7.84313725490,8.23529411765,
107,16.5686274510,16.6666666667,18.0392156863,16.4705882353,16.4705882353,16.4705882353,16.4705882353,16.4705882353,
108,7.94117647059,7.94117647059,8.82352941176,7.94117647059,7.84313725490,8.33333333333,8.33333333333,7.94117647059,
109,12.6470588235,12.5490196078,12.7450980392,12.5490196078,12.9411764706,19.6078431373,12.5490196078,12.5490196078,
110,18.1372549020,5.58823529412,0.882352941176,4.80392156863,4.80392156863,5.58823529412,5.58823529412,11.8627450980,
111,8.52941176471,6.96078431373,8.52941176471,8.52941176471,11.2745098039,11.4705882353,6.76470588235,11.4705882353,
112,1.27450980392,2.74509803922,2.45098039216,3.03921568627,2.84313725490,1.17647058824,2.84313725490,2.84313725490,
113,5.49019607843,5.49019607843,4.70588235294,17.3529411765,4.70588235294,4.70588235294,9.41176470588,4.90196078431,
114,24.1176470588,23.7254901961,23.7254901961,23.7254901961,23.7254901961,23.7254901961,23.7254901961,23.7254901961,
115,15.0,24.4117647059,15.0,15.1960784314,14.9019607843,15.0,15.0,15.3921568627,
116,5.68627450980,5.78431372549,5.78431372549,5.78431372549,4.70588235294,18.3333333333,2.64705882353,12.0588235294,
117,7.35294117647,6.86274509804,0.686274509804,0.686274509804,3.82352941176,0.490196078431,13.2352941176,0.686274509804,
118,5.68627450980,5.49019607843,5.68627450980,5.68627450980,11.9607843137,5.58823529412,5.68627450980,5.68627450980,
119,14.7058823529,15.4901960784,15.4901960784,13.7254901961,15.4901960784,13.9215686275,15.4901960784,2.94117647059,
120,22.5490196078,18.4313725490,11.6666666667,20.9803921569,24.1176470588,22.5490196078,24.1176470588,24.1176470588,
121,23.8235294118,19.5098039216,21.0784313725,20.6862745098,8.52941176471,19.3137254902,21.0784313725,21.0784313725,
122,6.27450980392,0.392156862745,0.392156862745,0.392156862745,0.392156862745,0.392156862745,0.392156862745,0.392156862745,
123,13.1372549020,13.3333333333,13.7254901961,13.9215686275,1.37254901961,17.0588235294,13.9215686275,13.9215686275,
124,18.9215686275,18.9215686275,18.9215686275,18.9215686275,18.9215686275,7.94117647059,18.9215686275,18.9215686275,
125,2.54901960784,2.54901960784,13.5294117647,2.54901960784,2.54901960784,4.90196078431,2.54901960784,2.54901960784,
126,9.90196078431,24.0196078431,22.0588235294,22.4509803922,22.4509803922,22.4509803922,6.76470588235,22.4509803922,
127,13.1372549020,16.6666666667,13.9215686275,13.9215686275,1.37254901961,13.5294117647,1.17647058824,13.9215686275,
128,21.9607843137,23.5294117647,15.6862745098,21.9607843137,21.9607843137,21.9607843137,23.5294117647,21.9607843137,
129,8.72549019608,8.92156862745,8.72549019608,9.11764705882,7.15686274510,11.8627450980,21.2745098039,8.72549019608,
130,22.1568627451,19.0196078431,19.0196078431,22.1568627451,23.0392156863,22.1568627451,23.5294117647,22.9411764706,
131,9.01960784314,12.1568627451,9.01960784314,8.62745098039,21.5686274510,9.01960784314,8.23529411765,9.01960784314,
132,3.23529411765,10.2941176471,4.01960784314,4.01960784314,4.01960784314,4.01960784314,2.45098039216,2.45098039216,
133,20.9803921569,22.5490196078,24.1176470588,23.6274509804,24.9019607843,24.2156862745,17.8431372549,23.9215686275,
134,9.50980392157,9.50980392157,11.0784313725,9.50980392157,9.50980392157,9.50980392157,9.90196078431,6.37254901961,
135,22.0588235294,22.0588235294,22.2549019608,22.0588235294,22.0588235294,6.37254901961,15.7843137255,9.50980392157,
136,19.8039215686,19.6078431373,19.8039215686,22.9411764706,21.1764705882,19.8039215686,19.8039215686,7.25490196078,
137,13.6274509804,13.5294117647,13.5294117647,12.7450980392,13.5294117647,13.5294117647,12.8431372549,12.7450980392,
138,9.50980392157,10.4901960784,10.2941176471,10.2941176471,10.6862745098,10.4901960784,10.2941176471,10.2941176471,
139,3.62745098039,0.490196078431,0.490196078431,0.490196078431,0.686274509804,0.0980392156863,3.62745098039,0.490196078431,
140,9.50980392157,9.50980392157,6.27450980392,9.50980392157,4.80392156863,9.50980392157,9.50980392157,9.50980392157,
141,9.21568627451,9.21568627451,7.64705882353,6.07843137255,8.43137254902,9.21568627451,8.43137254902,9.21568627451,
142,20.5882352941,6.47058823529,6.47058823529,6.47058823529,6.47058823529,19.8039215686,6.47058823529,6.47058823529,
143,3.62745098039,4.41176470588,4.41176470588,4.41176470588,5.58823529412,0.490196078431,16.9607843137,4.41176470588,
144,10.2941176471,22.8431372549,10.2941176471,10.2941176471,22.8431372549,10.2941176471,10.2941176471,7.15686274510,
145,24.5098039216,24.5098039216,17.4509803922,24.5098039216,24.5098039216,24.5098039216,24.6078431373,24.5098039216,
146,8.62745098039,14.1176470588,14.1176470588,14.3137254902,14.1176470588,14.1176470588,14.1176470588,12.5490196078,
147,11.0784313725,11.3725490196,21.9607843137,11.1764705882,11.7647058824,11.0784313725,11.0784313725,10.9803921569,
148,10.2941176471,3.92156862745,10.2941176471,9.41176470588,4.01960784314,10.2941176471,11.8627450980,4.41176470588,
149,18.1372549020,5.58823529412,18.1372549020,17.3529411765,23.6274509804,24.4117647059,18.1372549020,18.3333333333,
150,5.58823529412,5.58823529412,5.58823529412,5.58823529412,5.78431372549,16.5686274510,5.58823529412,5.68627450980,
151,23.6274509804,22.0588235294,23.6274509804,23.6274509804,23.6274509804,17.3529411765,11.2745098039,23.6274509804,
152,25.0,24.6078431373,21.4705882353,24.6078431373,24.6078431373,24.7058823529,24.4117647059,18.7254901961,
153,7.64705882353,7.25490196078,0.980392156863,7.25490196078,10.3921568627,7.25490196078,8.03921568627,19.8039215686,
154,12.1568627451,12.1568627451,12.1568627451,10.7843137255,12.1568627451,12.1568627451,9.01960784314,12.1568627451,
155,19.1176470588,19.1176470588,19.1176470588,19.1176470588,19.0196078431,22.1568627451,19.1176470588,19.1176470588,
156,11.6666666667,5.0,8.03921568627,5.0,11.2745098039,6.37254901961,11.2745098039,11.0784313725,
157,4.80392156863,11.0784313725,11.4705882353,4.70588235294,5.19607843137,4.80392156863,11.0784313725,23.6274509804,
158,5.29411764706,5.29411764706,5.29411764706,2.15686274510,5.29411764706,5.29411764706,5.29411764706,5.29411764706,
159,16.8627450980,15.2941176471,18.4313725490,18.4313725490,16.9607843137,17.8431372549,17.6470588235,24.7058823529,
160,12.9411764706,13.7254901961,12.9411764706,2.84313725490,12.9411764706,13.1372549020,13.7254901961,16.0784313725,
161,22.3529411765,22.4509803922,22.4509803922,19.3137254902,9.90196078431,22.4509803922,22.4509803922,9.90196078431,
162,11.2745098039,11.6666666667,24.2156862745,11.6666666667,12.4509803922,11.5686274510,11.5686274510,11.6666666667,
163,13.1372549020,13.1372549020,13.1372549020,19.4117647059,12.7450980392,13.1372549020,19.4117647059,13.1372549020,
164,17.1568627451,17.0588235294,16.2745098039,16.2745098039,4.50980392157,17.0588235294,17.0588235294,13.9215686275,
165,16.1764705882,16.9607843137,3.62745098039,3.62745098039,16.1764705882,16.3725490196,16.1764705882,16.1764705882,
166,3.92156862745,4.50980392157,13.7254901961,4.31372549020,4.31372549020,4.31372549020,16.8627450980,10.5882352941,
167,24.4117647059,17.2549019608,14.1176470588,17.2549019608,1.56862745098,4.70588235294,17.2549019608,17.2549019608,
168,18.6274509804,18.6274509804,18.6274509804,18.6274509804,18.6274509804,18.4313725490,18.6274509804,18.6274509804,
169,20.0,20.0,20.0,20.0,1.17647058824,23.1372549020,20.0,19.2156862745,
170,20.5882352941,14.3137254902,20.5882352941,20.5882352941,20.1960784314,20.5882352941,20.5882352941,20.5882352941,
171,7.94117647059,21.3725490196,8.92156862745,12.0588235294,8.92156862745,11.8627450980,8.13725490196,8.82352941176,
172,20.2941176471,24.2156862745,22.6470588235,21.0784313725,24.2156862745,21.0784313725,21.0784313725,20.6862745098,
173,24.9019607843,24.9019607843,24.9019607843,8.43137254902,24.9019607843,24.9019607843,24.9019607843,24.9019607843,
174,19.3137254902,18.9215686275,18.9215686275,18.8235294118,18.9215686275,19.7058823529,19.3137254902,18.9215686275,
175,15.0,15.3921568627,18.1372549020,15.0,14.2156862745,15.0,15.0,13.4313725490,
176,24.5098039216,21.7647058824,21.3725490196,24.5098039216,24.5098039216,21.3725490196,24.5098039216,24.3137254902,
177,22.2549019608,22.0588235294,22.0588235294,22.0588235294,17.3529411765,22.0588235294,23.6274509804,22.0588235294,
178,4.21568627451,4.21568627451,4.21568627451,4.21568627451,4.21568627451,4.21568627451,5.0,4.21568627451,
179,21.9607843137,21.9607843137,22.0588235294,21.9607843137,22.3529411765,21.9607843137,21.9607843137,21.9607843137,
180,8.52941176471,9.31372549020,11.6666666667,8.52941176471,8.52941176471,8.52941176471,8.52941176471,9.31372549020,
181,12.2549019608,11.8627450980,12.2549019608,12.2549019608,9.31372549020,12.2549019608,11.4705882353,12.1568627451,
182,20.8823529412,17.7450980392,17.7450980392,17.7450980392,17.7450980392,17.7450980392,17.9411764706,14.6078431373,
183,20.3921568627,20.3921568627,20.3921568627,14.1176470588,20.4901960784,20.3921568627,20.3921568627,20.3921568627,
184,12.8431372549,14.4117647059,15.9803921569,12.8431372549,12.8431372549,0.686274509804,0.294117647059,16.3725490196,
185,8.52941176471,8.52941176471,8.43137254902,8.13725490196,6.56862745098,21.0784313725,7.94117647059,8.52941176471,
186,19.9019607843,19.9019607843,19.7058823529,19.9019607843,19.7058823529,19.1176470588,19.9019607843,19.9019607843,
187,22.1568627451,18.8235294118,19.3137254902,18.8235294118,18.8235294118,18.8235294118,18.8235294118,18.8235294118,
188,15.3921568627,13.0392156863,2.84313725490,2.84313725490,2.05882352941,2.05882352941,2.84313725490,2.84313725490,
189,6.37254901961,8.72549019608,20.4901960784,8.33333333333,8.72549019608,9.11764705882,11.7647058824,11.8627450980,
190,6.56862745098,6.86274509804,6.56862745098,7.35294117647,9.70588235294,6.47058823529,6.47058823529,6.56862745098,
191,20.3921568627,9.70588235294,13.3333333333,4.31372549020,0.294117647059,12.3529411765,22.2549019608,24.3137254902,
192,6.56862745098,0.294117647059,1.27450980392,24.9019607843,4.11764705882,9.21568627451,4.31372549020,14.1176470588,
193,15.8823529412,23.7254901961,24.5098039216,5.78431372549,20.4901960784,20.0980392157,1.47058823529,16.1764705882,
194,8.52941176471,11.3725490196,24.4117647059,8.33333333333,14.9019607843,4.60784313725,16.6666666667,5.88235294118,
195,22.4509803922,3.03921568627,2.54901960784,20.0980392157,14.9019607843,14.9019607843,5.78431372549,24.9019607843,
196,0.686274509804,10.0980392157,10.1960784314,12.5490196078,0.490196078431,9.01960784314,12.2549019608,21.8627450980,
197,22.0588235294,12.9411764706,7.25490196078,6.17647058824,9.70588235294,1.47058823529,7.15686274510,7.05882352941,
198,11.2745098039,15.4901960784,9.01960784314,22.4509803922,6.86274509804,1.07843137255,5.88235294118,13.9215686275,
199,11.0784313725,20.0,13.7254901961,22.8431372549,13.7254901961,6.56862745098,12.9411764706,3.72549019608,

Population fitness value 
0,0
1,0
2,0
3,0
4,0
5,0
6,0
7,0
8,0
9,0
10,0
11,0
12,0
13,0
14,0
15,0
16,0
17,0
18,0
19,0
20,0
21,0
22,0
23,0
24,0
25,0
26,0
27,0
28,0
29,0
30,0
31,0
32,0
33,0
34,0
35,0
36,0
37,0
38,0
39,0
40,0
41,0
42,0
43,0
44,0
45,0
46,0
47,0
48,0
49,0
50,0
51,0
52,0
53,0
54,0
55,0
56,0
57,0
58,0
59,0
60,0
61,0
62,0
63,0
64,0
65,0
66,0
67,0
68,0
69,0
70,0
71,0
72,0
73,0
74,0
75,0
76,0
77,0
78,0
79,0
80,0
81,0
82,0
83,0
84,0
85,0
86,0
87,0
88,0
89,0
90,0
91,0
92,0
93,0
94,0
95,0
96,0
97,0
98,0
99,0
100,0
101,0
102,0
103,0
104,0
105,0
106,0
107,0
108,0
109,0
110,0
111,0
112,0
113,0
114,0
115,0
116,0
117,0
118,0
119,0
120,0
121,0
122,0
123,0
124,0
125,0
126,0
127,0
128,0
129,0
130,0
131,0
132,0
133,0
134,0
135,0
136,0
137,0
138,0
139,0
140,0
141,0
142,0
143,0
144,0
145,0
146,0
147,0
148,0
149,0
150,0
151,0
152,0
153,0
154,0
155,0
156,0
157,0
158,0
159,0
160,0
161,0
162,0
163,0
164,0
165,0
166,0
167,0
168,0
169,0
170,0
171,0
172,0
173,0
174,0
175,0
176,0
177,0
178,0
179,0
180,0
181,0
182,0
183,0
184,0
185,0
186,0
187,0
188,0
189,0
190,0
191,0
192,0
193,0
194,0
195,0
196,0
197,0
198,0
199,0


