Generation 
33

Number of individuals per generation
200

Population scaled variables 
0,5.44117647059,6.22549019608,17.5490196078,5.44117647059,16.3725490196,14.8039215686,6.22549019608,17.8431372549,
1,1.96078431373,8.52941176471,14.4607843137,2.00980392157,17.5980392157,17.5980392157,1.96078431373,14.4607843137,
2,3.57843137255,0.0490196078431,16.0784313725,3.18627450980,15.6862745098,16.0784313725,10.6372549020,16.0784313725,
3,11.4705882353,11.4705882353,22.4019607843,11.4705882353,23.9705882353,23.9705882353,11.4705882353,17.6960784314,
4,9.80392156863,9.80392156863,16.0294117647,3.52941176471,16.0294117647,16.0294117647,3.52941176471,16.0294117647,
5,6.56862745098,7.64705882353,18.9705882353,7.25490196078,19.8529411765,18.9705882353,7.30392156863,13.4803921569,
6,8.62745098039,8.67647058824,20.3431372549,2.40196078431,21.1764705882,21.1764705882,8.67647058824,24.7058823529,
7,8.13725490196,8.03921568627,20.6372549020,8.13725490196,20.5392156863,20.6372549020,9.70588235294,14.3627450980,
8,3.03921568627,3.03921568627,18.5294117647,1.47058823529,13.8235294118,24.9509803922,9.31372549020,15.4411764706,
9,11.2254901961,9.75490196078,23.8235294118,11.3235294118,23.8235294118,23.8235294118,9.75490196078,24.6078431373,
10,8.38235294118,2.00980392157,13.8235294118,6.02941176471,15.3921568627,14.2156862745,2.89215686275,15.3921568627,
11,9.75490196078,9.55882352941,22.0588235294,3.28431372549,18.8235294118,22.0588235294,9.55882352941,22.0588235294,
12,10.0,10.0,22.5,10.0980392157,16.2254901961,22.5,10.0980392157,22.5,
13,11.4705882353,11.5196078431,23.9215686275,11.5196078431,23.9215686275,24.0196078431,11.5196078431,24.2156862745,
14,10.5882352941,12.1568627451,24.6568627451,12.1568627451,24.6568627451,23.8725490196,12.1568627451,24.7058823529,
15,5.49019607843,4.70588235294,17.2058823529,4.75490196078,17.3039215686,16.4215686275,4.90196078431,17.2058823529,
16,5.39215686275,11.6666666667,17.1078431373,3.82352941176,17.8921568627,17.8921568627,2.30392156863,17.8921568627,
17,9.85294117647,10.0490196078,22.5490196078,10.0490196078,21.9607843137,24.1176470588,9.65686274510,23.3333333333,
18,11.0294117647,11.1274509804,23.6274509804,11.0294117647,23.6274509804,23.6274509804,11.1274509804,23.6274509804,
19,12.2058823529,10.7352941176,20.0,10.8333333333,23.0882352941,23.1372549020,10.6372549020,24.7058823529,
20,9.06862745098,12.2058823529,24.7549019608,12.2058823529,21.5686274510,24.7549019608,12.2058823529,24.7058823529,
21,6.61764705882,6.42156862745,18.9215686275,6.42156862745,20.4901960784,18.9215686275,6.42156862745,12.6470588235,
22,10.8823529412,12.4509803922,23.1862745098,10.6862745098,23.3823529412,20.2450980392,10.8823529412,23.3823529412,
23,11.6666666667,8.13725490196,20.6372549020,8.13725490196,21.4215686275,19.0686274510,7.94117647059,20.6372549020,
24,11.5196078431,3.67647058824,23.6274509804,11.5196078431,24.0196078431,24.0196078431,11.5196078431,24.2156862745,
25,12.2549019608,12.2549019608,24.8039215686,12.2549019608,24.9509803922,21.6176470588,11.4705882353,23.9705882353,
26,9.46078431373,11.0294117647,23.6274509804,11.1274509804,22.0588235294,23.5784313725,11.1274509804,23.6274509804,
27,8.77450980392,7.89215686275,18.9215686275,7.99019607843,20.4901960784,20.4901960784,7.99019607843,20.4901960784,
28,8.38235294118,5.24509803922,24.0196078431,11.1274509804,24.0196078431,24.0196078431,11.5196078431,24.2156862745,
29,10.4901960784,10.4901960784,22.9901960784,9.70588235294,23.0392156863,22.9901960784,7.35294117647,22.7941176471,
30,8.57843137255,8.33333333333,21.0784313725,8.52941176471,20.6862745098,21.0784313725,8.57843137255,21.0784313725,
31,12.2058823529,11.4215686275,24.1176470588,11.4215686275,23.9215686275,23.9215686275,10.9803921569,24.1176470588,
32,11.9117647059,11.8137254902,24.4117647059,5.53921568627,21.1274509804,24.9019607843,11.8137254902,24.3137254902,
33,7.45098039216,7.45098039216,19.9509803922,7.45098039216,20.1470588235,20.1470588235,9.80392156863,23.0882352941,
34,7.74509803922,7.74509803922,20.2450980392,7.74509803922,20.2450980392,19.0686274510,1.47058823529,21.8137254902,
35,10.8823529412,10.8823529412,23.3823529412,10.8823529412,22.9901960784,20.2450980392,10.8823529412,23.3823529412,
36,11.3235294118,11.2254901961,23.8235294118,8.18627450980,17.5490196078,23.8235294118,9.75490196078,23.8235294118,
37,10.4901960784,10.8823529412,23.2843137255,10.1470588235,23.3823529412,23.3823529412,10.8823529412,23.3823529412,
38,9.95098039216,9.95098039216,22.4509803922,9.95098039216,16.3725490196,22.4509803922,9.85294117647,22.4509803922,
39,11.4215686275,6.71568627451,22.4509803922,3.57843137255,23.1372549020,16.0784313725,9.85294117647,22.3529411765,
40,5.44117647059,5.24509803922,17.9411764706,5.19607843137,23.9215686275,17.3529411765,5.44117647059,17.7450980392,
41,4.36274509804,4.65686274510,23.4313725490,4.65686274510,17.1568627451,17.1568627451,4.65686274510,17.1568627451,
42,5.09803921569,5.09803921569,14.4607843137,5.24509803922,17.5980392157,17.6960784314,1.96078431373,17.5980392157,
43,4.46078431373,6.02941176471,18.5294117647,4.46078431373,23.2352941176,13.8235294118,4.46078431373,16.9607843137,
44,7.05882352941,0.78431372549,21.1274509804,7.05882352941,19.5588235294,23.0882352941,7.05882352941,22.6960784314,
45,6.61764705882,1.86274509804,14.3627450980,1.86274509804,14.7549019608,12.7941176471,8.03921568627,14.3627450980,
46,2.15686274510,1.96078431373,14.6568627451,2.15686274510,14.6568627451,14.6568627451,2.15686274510,15.4411764706,
47,11.1274509804,9.55882352941,24.4117647059,11.3235294118,23.6274509804,23.6274509804,11.0294117647,23.6274509804,
48,8.33333333333,8.82352941176,24.9509803922,9.31372549020,15.5392156863,21.7156862745,9.31372549020,21.8137254902,
49,2.79411764706,9.06862745098,21.7647058824,7.10784313725,19.9509803922,13.7254901961,9.06862745098,23.9215686275,
50,7.54901960784,7.59803921569,20.2941176471,7.59803921569,20.0980392157,13.8235294118,7.59803921569,20.0980392157,
51,8.57843137255,11.5196078431,24.0196078431,10.7352941176,23.9215686275,24.0196078431,11.5196078431,24.0196078431,
52,1.32352941176,2.89215686275,13.8235294118,1.51960784314,14.0196078431,13.8235294118,4.46078431373,16.9607843137,
53,2.30392156863,2.25490196078,14.8039215686,2.30392156863,14.7549019608,24.1176470588,0.735294117647,14.8039215686,
54,11.9117647059,2.5,20.4901960784,8.38235294118,24.3137254902,20.4901960784,1.61764705882,20.8823529412,
55,11.3235294118,5.83333333333,17.5490196078,5.04901960784,23.8235294118,23.8235294118,11.3235294118,23.0392156863,
56,0.735294117647,0.735294117647,13.2352941176,0.735294117647,13.2352941176,21.0784313725,0.735294117647,13.2352941176,
57,11.4705882353,5.09803921569,14.5588235294,11.4705882353,22.4019607843,23.9705882353,11.4705882353,24.0196078431,
58,9.95098039216,8.38235294118,19.3137254902,9.55882352941,22.4509803922,22.4509803922,9.85294117647,23.2352941176,
59,2.10784313725,5.09803921569,17.7450980392,5.24509803922,17.7450980392,17.7450980392,4.85294117647,17.7450980392,
60,5.83333333333,5.78431372549,18.0882352941,5.58823529412,16.5196078431,17.2058823529,5.58823529412,18.0882352941,
61,0.147058823529,0.147058823529,15.7843137255,3.28431372549,15.7843137255,15.7843137255,3.28431372549,15.7843137255,
62,6.22549019608,12.2058823529,24.3137254902,12.2058823529,21.5686274510,24.7058823529,12.2058823529,24.7058823529,
63,9.21568627451,8.62745098039,21.7156862745,9.21568627451,21.7156862745,21.3235294118,7.64705882353,21.7156862745,
64,12.3039215686,11.4215686275,23.6274509804,11.5196078431,22.0588235294,24.0196078431,11.4705882353,24.0196078431,
65,1.91176470588,1.81372549020,17.5,5.44117647059,17.5490196078,17.5490196078,5.04901960784,17.5490196078,
66,9.01960784314,9.11764705882,24.7549019608,9.01960784314,21.5196078431,20.2450980392,8.72549019608,20.8333333333,
67,5.93137254902,12.0098039216,16.8137254902,5.53921568627,16.4705882353,18.0392156863,5.53921568627,16.4705882353,
68,1.76470588235,8.03921568627,20.6372549020,8.13725490196,20.5392156863,20.5392156863,8.03921568627,23.7254901961,
69,6.61764705882,6.61764705882,19.1176470588,6.56862745098,19.1176470588,19.1176470588,6.61764705882,19.9019607843,
70,4.55882352941,1.47058823529,12.6960784314,1.37254901961,13.8725490196,22.3039215686,1.37254901961,13.8725490196,
71,9.36274509804,2.89215686275,22.6470588235,8.57843137255,14.7549019608,19.5098039216,8.57843137255,14.6078431373,
72,2.54901960784,5.73529411765,18.2352941176,5.73529411765,18.6274509804,18.0392156863,6.12745098039,18.2352941176,
73,3.52941176471,10.0,22.3039215686,6.71568627451,22.4019607843,22.4019607843,9.80392156863,22.3039215686,
74,9.46078431373,11.1274509804,21.9607843137,9.46078431373,21.9607843137,21.9607843137,9.46078431373,21.9607843137,
75,12.3039215686,12.1568627451,25.0,12.2549019608,24.8039215686,20.8823529412,12.3039215686,24.7058823529,
76,8.33333333333,6.76470588235,19.1666666667,6.76470588235,20.8333333333,19.2647058824,6.76470588235,12.9901960784,
77,11.2254901961,5.73529411765,21.9607843137,4.95098039216,17.4509803922,17.4509803922,4.95098039216,22.1568627451,
78,9.60784313725,9.50980392157,21.9117647059,9.85294117647,21.9117647059,22.3039215686,9.41176470588,21.9117647059,
79,11.7156862745,11.4705882353,24.1666666667,12.4509803922,24.1666666667,22.5980392157,11.6666666667,22.5980392157,
80,12.3039215686,11.5196078431,24.1176470588,11.3235294118,24.0196078431,24.0196078431,12.3039215686,21.0784313725,
81,0.0490196078431,9.41176470588,21.9117647059,10.9803921569,23.4803921569,22.3039215686,9.60784313725,22.0098039216,
82,7.5,7.5,20.0,7.5,16.8627450980,19.9509803922,1.17647058824,19.5588235294,
83,10.9313725490,4.65686274510,16.3725490196,4.65686274510,17.1568627451,16.3725490196,8.57843137255,17.1568627451,
84,2.5,7.99019607843,20.6862745098,7.99019607843,20.4901960784,18.9215686275,11.1274509804,20.4901960784,
85,9.31372549020,8.13725490196,25.0,9.11764705882,21.8137254902,21.6176470588,7.74509803922,15.5392156863,
86,10.7352941176,10.7352941176,23.2352941176,7.59803921569,22.4509803922,24.4117647059,10.9313725490,23.2352941176,
87,9.55882352941,3.67647058824,22.4509803922,11.5196078431,21.9117647059,22.4509803922,9.85294117647,22.4509803922,
88,8.38235294118,11.5196078431,23.9705882353,11.5196078431,24.0196078431,24.0196078431,11.5196078431,24.0196078431,
89,11.5686274510,11.5686274510,17.7941176471,11.5686274510,24.8529411765,24.0686274510,12.3529411765,24.0686274510,
90,6.91176470588,6.91176470588,19.4117647059,2.30392156863,19.4117647059,22.5490196078,2.59803921569,19.3627450980,
91,6.91176470588,6.86274509804,19.4117647059,6.91176470588,19.4117647059,19.4117647059,6.91176470588,19.3627450980,
92,1.22549019608,1.22549019608,13.7254901961,1.22549019608,13.9215686275,13.7254901961,1.22549019608,13.7254901961,
93,6.12745098039,6.12745098039,15.4901960784,5.93137254902,18.6274509804,18.6274509804,6.12745098039,18.7254901961,
94,8.38235294118,8.38235294118,14.6078431373,8.38235294118,20.8823529412,20.8823529412,8.23529411765,20.7843137255,
95,9.01960784314,12.1568627451,21.5686274510,9.01960784314,21.5196078431,21.5196078431,12.1568627451,21.5196078431,
96,8.52941176471,8.43137254902,14.7549019608,8.52941176471,21.0784313725,21.0294117647,8.52941176471,21.0784313725,
97,10.5392156863,7.20588235294,19.7058823529,6.42156862745,19.7058823529,15.0,7.59803921569,19.7058823529,
98,9.26470588235,8.38235294118,24.2156862745,11.7156862745,21.0784313725,21.0784313725,8.57843137255,20.9803921569,
99,4.31372549020,4.36274509804,16.8137254902,4.31372549020,16.8627450980,13.6764705882,4.41176470588,16.8137254902,
100,0.343137254902,0.343137254902,12.8431372549,0.343137254902,19.0686274510,12.8431372549,0.93137254902,12.8431372549,
101,9.95098039216,10.6862745098,22.4019607843,9.80392156863,22.5490196078,22.4019607843,9.50980392157,22.4019607843,
102,11.4705882353,5.09803921569,17.6960784314,11.4705882353,17.3039215686,18.4803921569,5.19607843137,23.5784313725,
103,11.5196078431,11.5196078431,24.8039215686,11.5196078431,24.0196078431,17.7450980392,11.5196078431,24.2156862745,
104,12.2549019608,12.2549019608,24.3627450980,12.2549019608,24.7549019608,18.4803921569,5.98039215686,24.7549019608,
105,8.28431372549,8.28431372549,20.7843137255,11.4215686275,20.7843137255,20.7843137255,2.00980392157,20.7843137255,
106,11.5196078431,4.80392156863,17.9411764706,5.24509803922,18.5294117647,17.7450980392,5.24509803922,17.9411764706,
107,12.1568627451,11.7647058824,24.6568627451,12.3529411765,21.1274509804,24.6568627451,12.1568627451,24.6568627451,
108,6.22549019608,9.36274509804,18.7254901961,3.03921568627,15.1960784314,15.1960784314,3.08823529412,21.8627450980,
109,6.96078431373,6.96078431373,13.1862745098,6.76470588235,22.5980392157,20.2450980392,10.1470588235,22.5980392157,
110,7.74509803922,7.54901960784,19.4607843137,7.74509803922,20.2450980392,19.8529411765,7.74509803922,20.2450980392,
111,5.63725490196,10.3431372549,22.8431372549,9.55882352941,18.1372549020,23.0392156863,10.3431372549,22.8431372549,
112,0.245098039216,0.245098039216,12.7450980392,0.245098039216,12.6960784314,20.1960784314,0.245098039216,12.6470588235,
113,11.6176470588,10.0490196078,22.5490196078,3.77450980392,22.5490196078,22.3529411765,6.71568627451,23.3333333333,
114,9.01960784314,12.1568627451,17.5980392157,12.3529411765,24.6568627451,24.6568627451,5.93137254902,24.6568627451,
115,7.5,1.32352941176,20.0980392157,7.59803921569,20.0980392157,20.0980392157,7.59803921569,20.0490196078,
116,2.10784313725,2.5,15.0,4.06862745098,15.0,14.9019607843,2.5,14.2156862745,
117,11.7156862745,11.7156862745,23.8235294118,11.7156862745,24.2156862745,24.0196078431,12.5,25.0,
118,3.57843137255,3.18627450980,17.2549019608,9.46078431373,17.3529411765,15.6862745098,3.18627450980,17.2549019608,
119,10.7352941176,3.67647058824,24.0196078431,9.95098039216,13.0392156863,22.4509803922,9.95098039216,22.2549019608,
120,4.11764705882,0.980392156863,13.4803921569,0.78431372549,13.2843137255,13.4803921569,0.980392156863,13.4803921569,
121,3.87254901961,10.3431372549,22.4509803922,9.95098039216,24.0196078431,22.4509803922,9.95098039216,16.1764705882,
122,2.69607843137,2.89215686275,13.8235294118,0.441176470588,15.5882352941,15.3921568627,3.08823529412,15.2941176471,
123,9.21568627451,9.21568627451,21.5686274510,9.11764705882,21.7156862745,21.7156862745,12.1568627451,21.7156862745,
124,5.98039215686,9.11764705882,24.7549019608,12.2549019608,24.9509803922,24.7549019608,5.98039215686,18.4803921569,
125,11.3725490196,9.80392156863,23.8725490196,11.3725490196,23.8725490196,23.9705882353,11.3725490196,23.8725490196,
126,11.2745098039,11.3235294118,23.7745098039,5.0,24.5588235294,23.7745098039,11.2745098039,23.7745098039,
127,12.3039215686,12.3039215686,23.2352941176,12.3039215686,25.0,24.8039215686,9.16666666667,23.2352941176,
128,2.74509803922,2.84313725490,18.5294117647,2.84313725490,15.3431372549,13.7745098039,2.74509803922,18.4803921569,
129,11.4215686275,11.4215686275,23.9215686275,10.6372549020,23.9215686275,14.5098039216,12.2058823529,20.9313725490,
130,4.65686274510,4.65686274510,17.1568627451,3.08823529412,17.1568627451,23.4313725490,4.65686274510,16.3725490196,
131,9.70588235294,10.4901960784,22.2058823529,10.0980392157,15.9313725490,22.2058823529,11.2745098039,22.2058823529,
132,7.94117647059,6.37254901961,18.8725490196,6.37254901961,18.8725490196,18.8725490196,9.50980392157,19.6568627451,
133,9.21568627451,9.21568627451,21.7156862745,9.21568627451,20.9313725490,14.6568627451,12.3529411765,24.8529411765,
134,8.38235294118,7.59803921569,21.6176470588,7.59803921569,21.6666666667,21.6666666667,9.16666666667,24.8039215686,
135,0.0980392156863,6.37254901961,12.5980392157,0.0980392156863,14.1666666667,15.7352941176,1.66666666667,12.5980392157,
136,8.52941176471,7.94117647059,20.8333333333,8.33333333333,21.6176470588,14.5588235294,8.33333333333,23.9705882353,
137,11.3725490196,11.4215686275,23.9215686275,6.71568627451,23.9215686275,20.7843137255,8.28431372549,20.7843137255,
138,0.735294117647,0.735294117647,13.2352941176,7.00980392157,13.2352941176,13.2352941176,0.735294117647,19.5098039216,
139,6.02941176471,12.2058823529,24.8039215686,12.3039215686,24.8039215686,25.0,10.3431372549,18.5294117647,
140,9.65686274510,9.75490196078,15.9803921569,3.48039215686,22.2549019608,22.2549019608,9.75490196078,22.2058823529,
141,10.0490196078,10.0490196078,22.5490196078,9.85294117647,23.3333333333,16.0294117647,3.87254901961,24.1176470588,
142,3.48039215686,3.38235294118,17.4509803922,3.38235294118,17.4509803922,17.4509803922,3.18627450980,12.7450980392,
143,10.4901960784,12.0588235294,22.9901960784,10.4901960784,19.0686274510,22.2058823529,10.4901960784,22.9901960784,
144,1.96078431373,1.96078431373,14.4607843137,1.96078431373,17.5980392157,14.4607843137,1.56862745098,14.4607843137,
145,12.3039215686,12.3039215686,24.8039215686,9.16666666667,24.8039215686,18.1372549020,11.9117647059,24.7549019608,
146,9.95098039216,11.5196078431,22.4509803922,9.95098039216,22.0588235294,22.4509803922,7.59803921569,22.0588235294,
147,11.2254901961,12.0098039216,22.1568627451,8.08823529412,24.1176470588,22.1568627451,11.3235294118,23.7254901961,
148,10.8333333333,10.8333333333,16.8627450980,4.55882352941,23.1372549020,23.1372549020,10.8333333333,23.3333333333,
149,1.86274509804,1.86274509804,20.6372549020,1.86274509804,14.3627450980,14.3627450980,1.86274509804,14.2647058824,
150,12.4019607843,12.4019607843,24.6078431373,12.4019607843,24.9019607843,24.9019607843,12.5,25.0,
151,6.22549019608,3.08823529412,15.1470588235,3.08823529412,18.7254901961,15.5882352941,3.08823529412,15.5882352941,
152,7.10784313725,6.32352941176,18.8235294118,6.32352941176,13.3333333333,20.4901960784,6.42156862745,18.8235294118,
153,10.0490196078,11.6176470588,17.9411764706,11.7156862745,17.9411764706,22.4509803922,10.1470588235,24.2156862745,
154,4.75490196078,4.75490196078,17.2549019608,4.75490196078,17.2549019608,14.1176470588,4.75490196078,23.5294117647,
155,11.5196078431,11.5196078431,18.5294117647,11.4215686275,24.1176470588,24.0196078431,11.5196078431,24.0196078431,
156,9.95098039216,10.6862745098,22.0588235294,9.90196078431,22.4019607843,19.2647058824,6.76470588235,20.8333333333,
157,5.04901960784,1.91176470588,14.4117647059,1.86274509804,12.7450980392,13.2352941176,3.08823529412,14.4117647059,
158,10.2450980392,10.2450980392,24.3137254902,10.4411764706,22.7450980392,22.7450980392,7.10784313725,22.6960784314,
159,12.2058823529,12.2058823529,23.0882352941,12.2058823529,21.5686274510,21.5686274510,12.2058823529,23.9705882353,
160,4.06862745098,4.46078431373,16.9607843137,6.02941176471,16.9607843137,16.9607843137,4.46078431373,16.9607843137,
161,12.2549019608,12.2549019608,24.8039215686,11.4705882353,24.7549019608,24.6568627451,12.2549019608,21.6176470588,
162,9.75490196078,11.7156862745,24.2156862745,11.7156862745,24.2156862745,24.1666666667,5.04901960784,24.2156862745,
163,7.54901960784,10.6862745098,16.9607843137,7.54901960784,20.0490196078,13.7745098039,7.74509803922,19.2647058824,
164,10.5392156863,10.4901960784,23.0392156863,10.7352941176,23.0392156863,22.7941176471,10.5392156863,23.4313725490,
165,11.5196078431,11.5196078431,24.0196078431,11.4215686275,23.9215686275,24.0196078431,11.5196078431,24.0196078431,
166,12.2549019608,12.1568627451,24.7549019608,12.2549019608,24.9509803922,23.9705882353,12.2549019608,24.7549019608,
167,3.97058823529,3.97058823529,16.4705882353,3.97058823529,16.4705882353,22.7450980392,3.97058823529,15.6862745098,
168,5.39215686275,5.39215686275,17.8921568627,5.39215686275,14.7549019608,17.3039215686,2.25490196078,18.6764705882,
169,9.75490196078,3.77450980392,22.5490196078,10.0490196078,22.5490196078,22.5,10.0490196078,22.5490196078,
170,8.52941176471,7.74509803922,20.2450980392,8.52941176471,23.3823529412,21.0294117647,8.52941176471,21.8137254902,
171,4.55882352941,6.17647058824,23.1862745098,10.8823529412,17.1078431373,17.1078431373,1.47058823529,18.6764705882,
172,11.1274509804,11.1274509804,23.5784313725,11.1274509804,17.3529411765,23.6274509804,11.9117647059,23.6274509804,
173,12.4019607843,9.26470588235,24.9019607843,10.8333333333,24.9019607843,24.9019607843,12.4019607843,21.7647058824,
174,3.67647058824,5.24509803922,23.6274509804,5.44117647059,17.6960784314,17.7450980392,5.14705882353,17.8431372549,
175,5.53921568627,5.53921568627,18.2352941176,5.68627450980,18.1862745098,18.2352941176,5.73529411765,18.2352941176,
176,1.47058823529,1.47058823529,14.3627450980,7.74509803922,13.9705882353,13.9705882353,3.03921568627,17.1078431373,
177,2.84313725490,2.84313725490,15.3431372549,9.11764705882,15.3431372549,18.4803921569,2.84313725490,17.3039215686,
178,3.52941176471,9.80392156863,21.9607843137,9.80392156863,22.3039215686,22.3039215686,9.41176470588,19.1666666667,
179,1.42156862745,7.69607843137,13.1372549020,1.17647058824,13.5294117647,13.9215686275,1.42156862745,13.1372549020,
180,6.76470588235,8.33333333333,19.4607843137,0.0,19.2647058824,19.3137254902,6.76470588235,20.8333333333,
181,0.294117647059,1.91176470588,17.4509803922,1.71568627451,14.4117647059,14.2156862745,1.91176470588,17.5490196078,
182,6.02941176471,6.02941176471,18.5294117647,6.02941176471,18.5294117647,18.5294117647,12.3039215686,18.5294117647,
183,10.0,10.0,22.1078431373,6.07843137255,22.5,22.5,9.80392156863,22.5,
184,2.99019607843,3.03921568627,15.5882352941,3.08823529412,15.5882352941,15.5882352941,2.69607843137,15.5882352941,
185,10.1470588235,10.1470588235,19.5098039216,10.1470588235,16.3725490196,23.0392156863,7.00980392157,22.5980392157,
186,7.74509803922,7.74509803922,19.8529411765,7.74509803922,20.2450980392,20.1470588235,7.74509803922,19.4607843137,
187,8.57843137255,11.7156862745,21.0784313725,8.48039215686,21.0784313725,14.7058823529,8.57843137255,21.0784313725,
188,11.6176470588,10.0490196078,22.5490196078,11.6176470588,22.5490196078,22.3529411765,6.51960784314,22.5490196078,
189,11.1764705882,10.0,19.0196078431,11.5686274510,22.1078431373,22.5,10.0,22.5,
190,10.8823529412,3.82352941176,23.3823529412,10.8823529412,17.1078431373,17.1568627451,4.60784313725,17.1078431373,
191,10.0490196078,6.91176470588,20.1960784314,7.69607843137,19.4117647059,19.4117647059,6.47058823529,19.4117647059,
192,9.95098039216,6.81372549020,19.3137254902,7.00980392157,19.3137254902,19.3137254902,6.81372549020,19.3137254902,
193,11.5196078431,6.07843137255,18.6764705882,6.17647058824,17.1078431373,18.6764705882,2.64705882353,16.7156862745,
194,11.7156862745,7.00980392157,20.1960784314,7.79411764706,19.3137254902,19.1176470588,6.91176470588,19.5098039216,
195,12.2549019608,1.17647058824,16.5196078431,4.41176470588,16.9117647059,16.9117647059,4.60784313725,16.9117647059,
196,12.3039215686,6.02941176471,18.4313725490,6.02941176471,18.5294117647,18.5294117647,5.24509803922,18.7254901961,
197,11.5196078431,6.02941176471,18.5294117647,6.02941176471,18.5294117647,18.5294117647,6.02941176471,18.1372549020,
198,9.31372549020,9.31372549020,21.8137254902,8.92156862745,21.8137254902,15.5392156863,9.36274509804,21.8137254902,
199,11.1274509804,4.85294117647,17.5490196078,4.85294117647,17.3039215686,17.3529411765,4.85294117647,17.3529411765,

Population fitness value 
0,0
1,0
2,0
3,0
4,0
5,0
6,0
7,0
8,0
9,0
10,0
11,0
12,0
13,0
14,0
15,0
16,0
17,0
18,0
19,0
20,0
21,0
22,0
23,0
24,0
25,0
26,0
27,0
28,0
29,0
30,0
31,0
32,0
33,0
34,0
35,0
36,0
37,0
38,0
39,0
40,0
41,0
42,0
43,0
44,0
45,0
46,0
47,0
48,0
49,0
50,0
51,0
52,0
53,0
54,0
55,0
56,0
57,0
58,0
59,0
60,0
61,0
62,0
63,0
64,0
65,0
66,0
67,0
68,0
69,0
70,0
71,0
72,0
73,0
74,0
75,0
76,0
77,0
78,0
79,0
80,0
81,0
82,0
83,84.5660322953
84,0
85,0
86,0
87,0
88,0
89,0
90,0
91,0
92,0
93,0
94,0
95,0
96,0
97,0
98,0
99,0
100,0
101,0
102,0
103,0
104,0
105,0
106,126.649605921
107,0
108,0
109,0
110,0
111,0
112,0
113,0
114,0
115,0
116,0
117,0
118,0
119,0
120,0
121,0
122,0
123,0
124,0
125,0
126,0
127,0
128,0
129,0
130,0
131,0
132,0
133,0
134,0
135,0
136,0
137,0
138,0
139,0
140,0
141,0
142,0
143,0
144,0
145,0
146,0
147,0
148,0
149,0
150,0
151,0
152,0
153,0
154,0
155,0
156,0
157,0
158,0
159,0
160,0
161,0
162,0
163,0
164,0
165,0
166,0
167,0
168,0
169,0
170,0
171,0
172,0
173,0
174,0
175,0
176,0
177,0
178,0
179,0
180,0
181,0
182,0
183,0
184,0
185,0
186,0
187,97.4264705882
188,0
189,0
190,144.541762784
191,140.629805844
192,135.724240677
193,130.417387543
194,124.930315263
195,122.822952710
196,121.933871588
197,120.561803153
198,119.332708574
199,117.953431373


