Generation 
1

Number of individuals per generation
50

Population scaled variables 
0,6.54761904762,6.54761904762,19.0476190476,6.54761904762,19.0476190476,18.8492063492,6.54761904762,19.0476190476,
1,7.53968253968,7.53968253968,20.0396825397,7.53968253968,20.0396825397,20.0396825397,7.53968253968,20.0396825397,
2,6.54761904762,6.54761904762,19.0476190476,6.54761904762,19.0476190476,19.0476190476,6.54761904762,19.0476190476,
3,7.14285714286,7.53968253968,19.6428571429,7.14285714286,19.6428571429,19.6428571429,7.14285714286,19.6428571429,
4,2.57936507937,2.57936507937,15.0793650794,2.57936507937,15.0793650794,15.4761904762,2.57936507937,15.0793650794,
5,7.93650793651,7.93650793651,20.4365079365,7.93650793651,20.4365079365,20.4365079365,7.93650793651,20.4365079365,
6,2.77777777778,2.77777777778,15.2777777778,2.77777777778,15.2777777778,15.2777777778,2.77777777778,15.4761904762,
7,0.396825396825,0.396825396825,12.8968253968,0.396825396825,12.8968253968,12.8968253968,0.396825396825,12.8968253968,
8,9.52380952381,9.52380952381,22.0238095238,9.52380952381,22.0238095238,22.0238095238,9.52380952381,22.0238095238,
9,0.793650793651,0.793650793651,13.2936507937,0.793650793651,13.2936507937,13.6904761905,0.793650793651,13.2936507937,
10,3.17460317460,3.17460317460,15.6746031746,3.17460317460,15.6746031746,15.6746031746,3.17460317460,15.6746031746,
11,5.75396825397,2.57936507937,15.0793650794,2.57936507937,15.0793650794,15.0793650794,2.57936507937,15.0793650794,
12,1.38888888889,7.73809523810,13.8888888889,1.38888888889,13.8888888889,13.8888888889,0.595238095238,13.8888888889,
13,12.3015873016,12.3015873016,24.8015873016,12.5,24.8015873016,24.8015873016,12.3015873016,24.8015873016,
14,3.17460317460,3.17460317460,15.6746031746,3.17460317460,15.6746031746,15.6746031746,3.17460317460,15.6746031746,
15,4.96031746032,4.96031746032,15.8730158730,4.96031746032,17.4603174603,17.4603174603,4.96031746032,17.4603174603,
16,0.793650793651,0.793650793651,13.2936507937,0.793650793651,13.2936507937,13.2936507937,0.793650793651,13.2936507937,
17,4.76190476190,4.76190476190,17.2619047619,4.76190476190,17.2619047619,17.2619047619,4.76190476190,17.2619047619,
18,11.5079365079,11.5079365079,24.0079365079,11.5079365079,24.0079365079,24.0079365079,11.5079365079,24.0079365079,
19,10.7142857143,10.7142857143,23.2142857143,10.7142857143,23.2142857143,23.2142857143,10.7142857143,23.2142857143,
20,8.33333333333,8.33333333333,20.8333333333,8.33333333333,20.8333333333,20.8333333333,8.33333333333,20.8333333333,
21,0.198412698413,0.198412698413,12.6984126984,0.198412698413,12.6984126984,12.6984126984,0.198412698413,19.0476190476,
22,4.56349206349,0.595238095238,16.2698412698,3.76984126984,16.2698412698,16.2698412698,3.76984126984,16.2698412698,
23,6.94444444444,6.94444444444,19.4444444444,6.94444444444,19.4444444444,19.4444444444,6.94444444444,19.4444444444,
24,10.7142857143,10.7142857143,23.2142857143,10.7142857143,23.2142857143,23.2142857143,10.7142857143,23.2142857143,
25,9.12698412698,9.12698412698,21.6269841270,9.12698412698,21.6269841270,21.6269841270,9.12698412698,21.6269841270,
26,7.73809523810,7.73809523810,20.2380952381,7.73809523810,20.2380952381,20.2380952381,7.73809523810,20.2380952381,
27,6.94444444444,6.94444444444,19.4444444444,6.94444444444,19.4444444444,19.4444444444,6.94444444444,19.4444444444,
28,10.1190476190,10.1190476190,22.6190476190,10.1190476190,22.6190476190,22.6190476190,10.1190476190,22.6190476190,
29,4.36507936508,4.36507936508,16.4682539683,4.36507936508,16.8650793651,16.8650793651,4.36507936508,16.8650793651,
30,3.17460317460,3.17460317460,15.8730158730,3.17460317460,15.6746031746,15.6746031746,3.17460317460,15.6746031746,
31,3.96825396825,3.96825396825,16.4682539683,3.96825396825,16.4682539683,16.4682539683,3.96825396825,16.4682539683,
32,3.96825396825,3.96825396825,16.4682539683,3.96825396825,16.4682539683,16.4682539683,3.96825396825,16.4682539683,
33,6.54761904762,6.54761904762,19.0476190476,6.54761904762,19.0476190476,19.0476190476,6.54761904762,19.0476190476,
34,10.7142857143,10.7142857143,23.2142857143,10.7142857143,23.2142857143,23.2142857143,10.7142857143,23.2142857143,
35,8.92857142857,8.92857142857,21.4285714286,8.92857142857,15.0793650794,21.4285714286,8.92857142857,21.4285714286,
36,0.992063492063,0.992063492063,13.4920634921,0.992063492063,13.4920634921,13.4920634921,0.992063492063,13.4920634921,
37,7.93650793651,7.93650793651,20.4365079365,7.93650793651,20.4365079365,20.4365079365,7.93650793651,20.4365079365,
38,0.198412698413,0.198412698413,12.6984126984,0.198412698413,12.6984126984,12.6984126984,0.198412698413,12.6984126984,
39,3.96825396825,3.96825396825,16.4682539683,3.96825396825,16.4682539683,16.4682539683,3.96825396825,16.4682539683,
40,3.76984126984,2.18253968254,19.0476190476,4.16666666667,24.4047619048,16.8650793651,0.396825396825,19.6428571429,
41,1.19047619048,4.96031746032,23.6111111111,1.78571428571,18.0555555556,18.4523809524,2.38095238095,19.6428571429,
42,10.3174603175,0.992063492063,18.8492063492,6.34920634921,24.0079365079,24.2063492063,2.18253968254,20.4365079365,
43,6.54761904762,0.793650793651,13.0952380952,0.0,23.4126984127,14.2857142857,2.57936507937,24.2063492063,
44,1.38888888889,7.34126984127,22.8174603175,7.93650793651,19.4444444444,21.6269841270,9.72222222222,24.2063492063,
45,7.93650793651,2.18253968254,22.2222222222,0.992063492063,18.2539682540,17.0634920635,5.55555555556,21.6269841270,
46,3.96825396825,10.7142857143,23.2142857143,0.198412698413,24.4047619048,17.4603174603,0.793650793651,15.2777777778,
47,3.96825396825,9.12698412698,22.6190476190,3.37301587302,24.6031746032,16.6666666667,0.0,17.0634920635,
48,3.17460317460,11.1111111111,19.0476190476,3.37301587302,21.0317460317,19.4444444444,5.75396825397,21.6269841270,
49,4.96031746032,11.5079365079,19.6428571429,1.19047619048,19.0476190476,19.6428571429,2.77777777778,22.4206349206,

Population fitness value 
0,155.009920635
1,156.25
2,156.25
3,153.769841270
4,158.730158730
5,156.25
6,157.490079365
7,156.25
8,156.25
9,158.730158730
10,156.25
11,136.408730159
12,119.008251449
13,155.009920635
14,156.25
15,146.329365079
16,156.25
17,156.25
18,156.25
19,156.25
20,156.25
21,195.932539683
22,171.130952381
23,156.25
24,156.25
25,156.25
26,156.25
27,156.25
28,156.25
29,153.769841270
30,157.490079365
31,156.25
32,156.25
33,156.25
34,156.25
35,116.567460317
36,156.25
37,156.25
38,156.25
39,156.25
40,296.595490048
41,293.800390527
42,289.883314437
43,275.061413454
44,240.417926430
45,230.457923910
46,229.709939531
47,226.521164021
48,218.372071051
49,218.135865457


