Generation 
23

Number of individuals per generation
200

Population scaled variables 
0,22.8431372549,16.5686274510,16.9607843137,16.5686274510,16.9607843137,16.5686274510,16.7647058824,22.8431372549,
1,3.92156862745,3.92156862745,10.1960784314,3.92156862745,3.92156862745,16.4705882353,8.72549019608,3.92156862745,
2,20.1960784314,7.25490196078,7.64705882353,7.64705882353,7.64705882353,7.64705882353,7.64705882353,7.64705882353,
3,7.74509803922,7.74509803922,1.47058823529,7.74509803922,7.74509803922,7.74509803922,7.74509803922,14.0196078431,
4,15.8823529412,15.8823529412,13.5294117647,15.8823529412,17.4509803922,15.8823529412,16.2745098039,15.8823529412,
5,9.50980392157,23.6274509804,10.9803921569,10.9803921569,11.0784313725,7.94117647059,11.8627450980,11.0784313725,
6,22.8431372549,10.2941176471,10.2941176471,9.50980392157,10.1960784314,10.2941176471,10.5882352941,10.2941176471,
7,0.686274509804,6.96078431373,0.686274509804,0.686274509804,0.686274509804,0.686274509804,0.490196078431,0.490196078431,
8,14.8039215686,14.8039215686,15.5882352941,17.9411764706,17.9411764706,14.8039215686,2.25490196078,14.4117647059,
9,11.3725490196,11.3725490196,11.3725490196,9.80392156863,11.3725490196,11.5686274510,9.80392156863,11.5686274510,
10,21.9607843137,22.1568627451,22.1568627451,23.7254901961,22.9411764706,22.1568627451,23.5294117647,15.8823529412,
11,3.82352941176,0.686274509804,0.686274509804,3.82352941176,4.41176470588,0.588235294118,13.2352941176,0.686274509804,
12,2.25490196078,2.25490196078,2.25490196078,9.31372549020,8.43137254902,2.15686274510,2.25490196078,1.66666666667,
13,19.8039215686,19.8039215686,23.3333333333,22.9411764706,24.5098039216,22.9411764706,22.9411764706,10.3921568627,
14,15.8823529412,15.8823529412,15.8823529412,15.8823529412,15.8823529412,15.8823529412,15.8823529412,15.8823529412,
15,10.1960784314,10.2941176471,22.0588235294,3.23529411765,10.2941176471,10.2941176471,19.7058823529,10.2941176471,
16,4.80392156863,4.80392156863,4.80392156863,4.80392156863,4.80392156863,5.58823529412,10.9803921569,4.80392156863,
17,14.8039215686,2.25490196078,25.0,14.0196078431,2.84313725490,15.5882352941,15.5882352941,15.5882352941,
18,0.0980392156863,6.76470588235,6.76470588235,7.54901960784,6.76470588235,6.37254901961,6.96078431373,6.76470588235,
19,23.8235294118,20.6862745098,23.8235294118,23.8235294118,23.8235294118,23.8235294118,24.2156862745,23.8235294118,
20,14.5098039216,5.88235294118,1.96078431373,1.96078431373,1.96078431373,1.96078431373,5.09803921569,1.96078431373,
21,18.3333333333,18.3333333333,18.7254901961,4.50980392157,18.3333333333,18.6274509804,18.2352941176,15.1960784314,
22,24.9019607843,24.1176470588,24.9019607843,24.1176470588,24.1176470588,17.8431372549,19.4117647059,23.9215686275,
23,16.8627450980,4.31372549020,16.8627450980,16.8627450980,16.8627450980,16.8627450980,16.8627450980,16.8627450980,
24,5.98039215686,5.98039215686,2.84313725490,5.98039215686,12.2549019608,5.98039215686,5.98039215686,5.98039215686,
25,4.11764705882,3.92156862745,3.92156862745,3.92156862745,3.92156862745,3.92156862745,10.1960784314,7.25490196078,
26,1.47058823529,7.64705882353,1.37254901961,1.17647058824,1.37254901961,1.37254901961,0.196078431373,1.37254901961,
27,11.4705882353,5.39215686275,5.19607843137,11.4705882353,17.7450980392,2.05882352941,5.98039215686,5.19607843137,
28,18.7254901961,18.6274509804,18.4313725490,18.4313725490,18.6274509804,18.6274509804,18.7254901961,5.39215686275,
29,4.21568627451,3.62745098039,5.19607843137,3.62745098039,16.1764705882,3.62745098039,3.62745098039,16.1764705882,
30,16.4705882353,3.92156862745,18.0392156863,16.4705882353,16.4705882353,16.4705882353,16.4705882353,23.0392156863,
31,21.9607843137,9.41176470588,21.9607843137,9.41176470588,9.41176470588,9.41176470588,9.60784313725,9.80392156863,
32,9.01960784314,8.23529411765,7.84313725490,7.05882352941,9.01960784314,9.01960784314,9.01960784314,7.45098039216,
33,2.84313725490,2.84313725490,2.74509803922,1.27450980392,2.84313725490,2.84313725490,2.84313725490,1.17647058824,
34,1.47058823529,4.60784313725,1.47058823529,15.5882352941,1.47058823529,9.31372549020,1.27450980392,4.60784313725,
35,8.52941176471,8.33333333333,8.52941176471,8.52941176471,8.23529411765,8.52941176471,8.52941176471,8.33333333333,
36,18.0392156863,18.0392156863,18.0392156863,18.0392156863,18.4313725490,18.0392156863,18.1372549020,18.0392156863,
37,0.294117647059,2.25490196078,0.588235294118,1.86274509804,1.86274509804,8.13725490196,1.86274509804,1.86274509804,
38,8.72549019608,8.92156862745,21.6666666667,11.0784313725,23.6274509804,9.11764705882,2.45098039216,8.72549019608,
39,12.9411764706,12.9411764706,16.0784313725,16.2745098039,12.5490196078,12.9411764706,14.5098039216,14.5098039216,
40,11.2745098039,11.2745098039,11.0784313725,11.2745098039,11.2745098039,11.2745098039,11.2745098039,11.2745098039,
41,7.64705882353,0.980392156863,1.37254901961,1.37254901961,1.37254901961,1.17647058824,4.50980392157,1.37254901961,
42,24.0196078431,16.8627450980,22.0588235294,22.6470588235,22.6470588235,11.4705882353,22.6470588235,23.2352941176,
43,15.7843137255,15.7843137255,15.7843137255,22.8431372549,15.7843137255,15.7843137255,15.7843137255,12.6470588235,
44,22.0588235294,21.9607843137,18.9215686275,22.0588235294,22.0588235294,10.2941176471,22.0588235294,23.6274509804,
45,22.0588235294,22.0588235294,22.3529411765,23.6274509804,18.9215686275,21.9607843137,22.0588235294,22.0588235294,
46,3.43137254902,3.43137254902,22.0588235294,3.43137254902,3.82352941176,3.33333333333,4.11764705882,3.43137254902,
47,6.56862745098,7.35294117647,6.56862745098,8.13725490196,6.47058823529,6.56862745098,6.56862745098,6.47058823529,
48,11.2745098039,23.8235294118,24.6078431373,22.2549019608,23.7254901961,23.8235294118,17.5490196078,23.6274509804,
49,5.09803921569,3.13725490196,4.70588235294,4.70588235294,4.70588235294,4.90196078431,4.70588235294,5.49019607843,
50,19.7058823529,15.0,13.4313725490,14.4117647059,15.0,15.5882352941,21.2745098039,15.0,
51,0.490196078431,13.0392156863,3.62745098039,13.0392156863,13.0392156863,13.0392156863,16.8627450980,13.0392156863,
52,9.50980392157,6.37254901961,7.15686274510,6.37254901961,8.72549019608,6.37254901961,6.27450980392,6.37254901961,
53,12.3529411765,6.17647058824,1.47058823529,6.07843137255,6.17647058824,5.98039215686,25.0,6.17647058824,
54,16.3725490196,3.82352941176,3.82352941176,16.2745098039,16.3725490196,16.3725490196,16.3725490196,17.1568627451,
55,3.33333333333,9.41176470588,3.33333333333,3.33333333333,3.33333333333,3.33333333333,3.33333333333,4.90196078431,
56,9.70588235294,9.70588235294,9.70588235294,9.70588235294,9.60784313725,9.70588235294,9.70588235294,9.70588235294,
57,10.3921568627,11.8627450980,10.4901960784,10.4901960784,3.43137254902,4.21568627451,4.21568627451,12.0588235294,
58,13.6274509804,0.882352941176,16.5686274510,13.4313725490,0.882352941176,13.8235294118,13.4313725490,13.4313725490,
59,7.15686274510,6.37254901961,6.37254901961,8.33333333333,6.76470588235,0.294117647059,6.37254901961,6.37254901961,
60,19.5098039216,18.8235294118,19.1176470588,19.1176470588,19.3137254902,19.1176470588,20.5882352941,19.1176470588,
61,24.6078431373,22.2549019608,23.0392156863,23.8235294118,24.6078431373,11.8627450980,24.6078431373,24.5098039216,
62,20.3921568627,10.9803921569,10.9803921569,10.9803921569,7.84313725490,19.2156862745,7.84313725490,6.27450980392,
63,15.8823529412,3.33333333333,17.2549019608,15.8823529412,22.1568627451,15.9803921569,22.9411764706,15.8823529412,
64,19.5098039216,21.0784313725,21.8627450980,21.0784313725,21.0784313725,8.13725490196,21.0784313725,8.13725490196,
65,8.23529411765,20.7843137255,19.2156862745,20.7843137255,20.7843137255,23.9215686275,20.9803921569,21.5686274510,
66,19.4117647059,19.4117647059,19.3137254902,19.4117647059,22.5490196078,19.2156862745,19.4117647059,7.64705882353,
67,16.7647058824,16.7647058824,23.0392156863,16.7647058824,16.7647058824,16.7647058824,16.7647058824,16.7647058824,
68,4.80392156863,5.58823529412,11.7647058824,18.1372549020,11.0784313725,11.8627450980,5.98039215686,5.78431372549,
69,9.21568627451,2.94117647059,9.31372549020,9.21568627451,9.21568627451,9.21568627451,24.9019607843,21.7647058824,
70,12.9411764706,13.1372549020,12.9411764706,12.9411764706,12.9411764706,13.2352941176,12.5490196078,12.9411764706,
71,7.05882352941,10.2941176471,10.4901960784,10.2941176471,10.2941176471,10.2941176471,10.2941176471,10.2941176471,
72,8.52941176471,6.07843137255,11.9607843137,12.3529411765,10.7843137255,12.3529411765,12.1568627451,12.4509803922,
73,23.0392156863,16.6666666667,22.1568627451,22.7450980392,19.4117647059,22.9411764706,22.7450980392,22.1568627451,
74,2.25490196078,3.82352941176,17.9411764706,5.39215686275,5.39215686275,5.39215686275,4.60784313725,5.39215686275,
75,19.7058823529,19.7058823529,19.7058823529,19.7058823529,7.15686274510,19.7058823529,20.0980392157,19.7058823529,
76,9.41176470588,9.41176470588,3.13725490196,9.41176470588,21.9607843137,9.41176470588,9.41176470588,9.41176470588,
77,25.0,25.0,24.8039215686,24.6078431373,25.0,25.0,24.8039215686,25.0,
78,20.4901960784,20.4901960784,20.4901960784,20.4901960784,23.8235294118,20.4901960784,20.6862745098,23.6274509804,
79,20.0980392157,19.7058823529,20.0,20.0980392157,20.0980392157,20.0980392157,20.0,20.0980392157,
80,21.7647058824,24.5098039216,11.9607843137,23.0392156863,24.5098039216,21.3725490196,24.4117647059,24.6078431373,
81,12.9411764706,12.9411764706,12.9411764706,12.9411764706,13.1372549020,12.9411764706,12.9411764706,14.5098039216,
82,6.66666666667,6.66666666667,6.66666666667,19.2156862745,10.5882352941,6.66666666667,9.80392156863,0.392156862745,
83,23.3333333333,10.7843137255,7.64705882353,10.7843137255,10.7843137255,9.80392156863,10.7843137255,7.74509803922,
84,0.490196078431,3.62745098039,4.41176470588,4.41176470588,3.62745098039,3.13725490196,3.52941176471,0.490196078431,
85,18.5294117647,16.1764705882,16.9607843137,22.0588235294,13.0392156863,16.3725490196,16.1764705882,13.0392156863,
86,8.43137254902,21.7647058824,20.2941176471,21.7647058824,21.7647058824,21.5686274510,21.7647058824,20.5882352941,
87,21.3725490196,24.5098039216,24.5098039216,24.5098039216,21.7647058824,23.7254901961,22.7450980392,24.5098039216,
88,9.31372549020,8.52941176471,9.21568627451,1.47058823529,9.31372549020,8.52941176471,9.31372549020,6.96078431373,
89,24.8039215686,18.1372549020,16.9607843137,18.5294117647,5.98039215686,18.5294117647,18.5294117647,18.5294117647,
90,18.4313725490,18.0392156863,17.2549019608,18.0392156863,18.0392156863,5.49019607843,14.9019607843,17.2549019608,
91,14.8039215686,14.0196078431,13.2352941176,13.2352941176,13.2352941176,12.8431372549,12.8431372549,13.2352941176,
92,17.4509803922,1.86274509804,1.86274509804,1.86274509804,1.86274509804,1.86274509804,1.86274509804,0.294117647059,
93,19.1176470588,20.3921568627,20.4901960784,20.5882352941,20.4901960784,20.4901960784,20.4901960784,20.4901960784,
94,5.68627450980,5.68627450980,18.2352941176,5.68627450980,5.68627450980,5.68627450980,5.68627450980,5.68627450980,
95,12.6470588235,12.6470588235,12.6470588235,14.2156862745,12.6470588235,16.5686274510,0.294117647059,12.8431372549,
96,8.52941176471,12.3529411765,8.43137254902,8.43137254902,8.43137254902,8.43137254902,8.43137254902,8.43137254902,
97,5.58823529412,5.78431372549,18.1372549020,5.58823529412,2.45098039216,5.58823529412,5.58823529412,5.58823529412,
98,5.19607843137,2.05882352941,14.8039215686,0.686274509804,2.15686274510,3.03921568627,2.25490196078,2.25490196078,
99,4.21568627451,3.43137254902,4.21568627451,6.17647058824,4.21568627451,4.21568627451,4.21568627451,4.21568627451,
100,6.56862745098,0.686274509804,19.1176470588,6.56862745098,6.47058823529,6.37254901961,6.56862745098,6.96078431373,
101,5.98039215686,4.70588235294,4.80392156863,5.58823529412,4.80392156863,11.0784313725,4.80392156863,4.80392156863,
102,22.3529411765,22.3529411765,21.9607843137,22.3529411765,16.0784313725,12.9411764706,23.1372549020,22.3529411765,
103,8.52941176471,8.52941176471,9.31372549020,6.96078431373,8.13725490196,8.43137254902,8.52941176471,8.52941176471,
104,13.4313725490,19.9019607843,4.21568627451,13.6274509804,13.6274509804,13.6274509804,13.4313725490,13.4313725490,
105,0.490196078431,0.0980392156863,0.490196078431,0.490196078431,0.490196078431,1.27450980392,0.490196078431,9.80392156863,
106,16.8627450980,16.8627450980,15.4901960784,24.7058823529,13.7254901961,16.8627450980,16.8627450980,16.4705882353,
107,4.70588235294,3.13725490196,4.70588235294,5.0,3.13725490196,17.6470588235,10.9803921569,5.19607843137,
108,12.9411764706,14.5098039216,20.7843137255,14.5098039216,14.5098039216,12.9411764706,13.7254901961,16.0784313725,
109,18.9215686275,22.0588235294,22.0588235294,22.0588235294,22.8431372549,22.0588235294,21.9607843137,18.9215686275,
110,22.2549019608,22.2549019608,22.2549019608,22.2549019608,22.2549019608,22.1568627451,22.2549019608,22.2549019608,
111,8.52941176471,8.52941176471,8.52941176471,8.52941176471,8.52941176471,8.33333333333,8.52941176471,7.74509803922,
112,1.47058823529,0.686274509804,13.1372549020,1.86274509804,13.1372549020,0.686274509804,0.686274509804,0.686274509804,
113,11.4705882353,11.4705882353,11.4705882353,12.2549019608,3.23529411765,11.4705882353,11.6666666667,5.19607843137,
114,17.4509803922,14.7058823529,20.6862745098,14.3137254902,1.76470588235,14.3137254902,14.3137254902,1.76470588235,
115,0.196078431373,8.03921568627,8.13725490196,8.03921568627,8.03921568627,8.03921568627,8.82352941176,8.03921568627,
116,22.1568627451,22.2549019608,22.1568627451,22.1568627451,3.33333333333,22.1568627451,10.0,19.0196078431,
117,4.90196078431,4.90196078431,5.78431372549,4.90196078431,11.1764705882,3.33333333333,11.1764705882,4.90196078431,
118,21.3725490196,21.3725490196,22.9411764706,21.3725490196,24.5098039216,21.7647058824,21.1764705882,21.3725490196,
119,9.31372549020,9.31372549020,9.31372549020,8.33333333333,8.52941176471,9.31372549020,2.84313725490,9.31372549020,
120,6.76470588235,7.45098039216,9.90196078431,3.62745098039,11.3725490196,8.33333333333,9.90196078431,9.90196078431,
121,3.62745098039,3.62745098039,5.19607843137,5.19607843137,3.62745098039,3.62745098039,4.41176470588,3.62745098039,
122,16.7647058824,18.5294117647,18.1372549020,18.1372549020,18.1372549020,18.1372549020,5.58823529412,18.0392156863,
123,6.56862745098,6.37254901961,6.56862745098,6.56862745098,6.56862745098,6.86274509804,6.47058823529,0.294117647059,
124,0.0980392156863,0.0980392156863,6.37254901961,0.0980392156863,0.0980392156863,0.882352941176,0.0980392156863,6.37254901961,
125,13.7254901961,12.5490196078,6.27450980392,12.5490196078,12.5490196078,18.8235294118,12.5490196078,12.6470588235,
126,17.3529411765,11.8627450980,11.0784313725,11.0784313725,11.4705882353,23.6274509804,10.9803921569,23.6274509804,
127,18.1372549020,18.3333333333,18.1372549020,18.1372549020,15.1960784314,18.1372549020,5.58823529412,18.0392156863,
128,17.5490196078,23.8235294118,11.2745098039,23.8235294118,23.8235294118,20.4901960784,23.8235294118,23.6274509804,
129,6.37254901961,6.37254901961,6.37254901961,6.27450980392,6.37254901961,6.37254901961,6.56862745098,7.15686274510,
130,19.9019607843,23.0392156863,24.4117647059,23.0392156863,19.9019607843,19.9019607843,23.0392156863,20.2941176471,
131,7.74509803922,10.7843137255,7.74509803922,7.74509803922,6.96078431373,7.74509803922,7.74509803922,1.47058823529,
132,17.6470588235,14.2156862745,17.2549019608,17.3529411765,17.5490196078,17.3529411765,17.3529411765,17.3529411765,
133,13.1372549020,20.7843137255,14.5098039216,21.5686274510,17.7450980392,17.6470588235,14.5098039216,14.5098039216,
134,22.0588235294,9.70588235294,22.8431372549,21.9607843137,22.0588235294,15.7843137255,22.0588235294,19.1176470588,
135,17.1568627451,1.07843137255,14.0196078431,14.0196078431,13.5294117647,7.74509803922,13.8235294118,14.0196078431,
136,14.2156862745,20.3921568627,20.4901960784,20.4901960784,20.4901960784,7.94117647059,20.3921568627,18.9215686275,
137,11.6666666667,11.1764705882,11.2745098039,11.6666666667,11.2745098039,11.2745098039,11.2745098039,11.2745098039,
138,9.31372549020,9.31372549020,9.31372549020,12.4509803922,8.52941176471,10.8823529412,7.74509803922,9.31372549020,
139,21.5686274510,21.5686274510,20.7843137255,21.6666666667,9.01960784314,21.5686274510,20.7843137255,21.5686274510,
140,8.52941176471,7.94117647059,8.52941176471,21.0784313725,8.52941176471,8.52941176471,8.43137254902,8.33333333333,
141,16.8627450980,13.7254901961,20.0,23.1372549020,7.45098039216,20.0,23.1372549020,20.0,
142,12.3529411765,10.7843137255,10.7843137255,10.0,10.7843137255,10.3921568627,10.7843137255,10.7843137255,
143,15.9803921569,14.1176470588,15.8823529412,12.7450980392,22.1568627451,15.8823529412,15.7843137255,12.7450980392,
144,11.8627450980,11.8627450980,11.8627450980,2.45098039216,5.58823529412,24.6078431373,11.8627450980,11.8627450980,
145,0.588235294118,0.588235294118,0.196078431373,0.588235294118,0.196078431373,0.588235294118,0.588235294118,0.392156862745,
146,20.0980392157,20.0980392157,21.6666666667,20.0980392157,23.2352941176,23.2352941176,21.6666666667,20.0980392157,
147,23.7254901961,21.3725490196,20.5882352941,8.03921568627,20.5882352941,20.5882352941,20.5882352941,14.3137254902,
148,12.4509803922,6.17647058824,11.6666666667,12.4509803922,12.4509803922,12.4509803922,25.0,12.3529411765,
149,17.0588235294,17.0588235294,23.3333333333,17.0588235294,17.0588235294,18.6274509804,4.50980392157,17.0588235294,
150,9.01960784314,2.74509803922,9.11764705882,9.01960784314,11.8627450980,9.01960784314,9.11764705882,9.11764705882,
151,11.1764705882,11.1764705882,11.1764705882,23.5294117647,11.1764705882,11.1764705882,11.1764705882,11.1764705882,
152,12.1568627451,10.5882352941,12.1568627451,23.9215686275,24.7058823529,5.88235294118,12.1568627451,12.1568627451,
153,6.27450980392,0.0,9.41176470588,7.25490196078,6.27450980392,6.27450980392,9.41176470588,6.27450980392,
154,13.4313725490,15.0,19.6078431373,13.4313725490,13.4313725490,13.4313725490,13.4313725490,13.3333333333,
155,6.37254901961,10.1960784314,7.05882352941,7.05882352941,7.05882352941,8.62745098039,7.05882352941,7.05882352941,
156,20.8823529412,20.8823529412,20.8823529412,2.05882352941,20.8823529412,20.8823529412,14.6078431373,20.8823529412,
157,21.8627450980,8.92156862745,21.7647058824,9.31372549020,21.8627450980,9.31372549020,1.47058823529,9.31372549020,
158,22.4509803922,23.2352941176,22.4509803922,22.4509803922,22.4509803922,22.3529411765,22.4509803922,22.4509803922,
159,9.41176470588,9.41176470588,6.27450980392,9.80392156863,9.50980392157,9.41176470588,6.27450980392,0.0,
160,5.29411764706,17.7450980392,17.9411764706,24.2156862745,17.9411764706,17.9411764706,17.9411764706,14.8039215686,
161,22.7450980392,0.0,22.3529411765,21.9607843137,23.5294117647,21.9607843137,23.5294117647,22.1568627451,
162,13.5294117647,12.7450980392,12.7450980392,13.1372549020,12.7450980392,19.0196078431,12.7450980392,12.7450980392,
163,17.2549019608,11.4705882353,23.5294117647,21.9607843137,23.5294117647,11.0784313725,23.5294117647,22.0588235294,
164,9.21568627451,2.74509803922,8.43137254902,9.21568627451,9.21568627451,9.21568627451,9.21568627451,12.3529411765,
165,10.2941176471,10.1960784314,10.2941176471,10.2941176471,10.2941176471,10.2941176471,10.2941176471,10.2941176471,
166,22.2549019608,22.1568627451,19.1176470588,22.1568627451,22.1568627451,22.1568627451,22.1568627451,23.7254901961,
167,19.6078431373,19.6078431373,19.7058823529,13.3333333333,19.6078431373,19.6078431373,19.7058823529,19.6078431373,
168,8.52941176471,21.0784313725,8.43137254902,8.52941176471,8.52941176471,8.13725490196,11.6666666667,8.52941176471,
169,13.3333333333,16.1764705882,19.8039215686,13.6274509804,1.07843137255,13.6274509804,13.6274509804,13.6274509804,
170,8.82352941176,9.21568627451,7.64705882353,2.94117647059,9.21568627451,9.21568627451,7.64705882353,7.64705882353,
171,14.7058823529,14.7058823529,20.9803921569,14.7058823529,14.7058823529,14.7058823529,14.7058823529,13.1372549020,
172,12.4509803922,12.2549019608,5.98039215686,12.4509803922,9.11764705882,12.2549019608,12.2549019608,12.2549019608,
173,9.70588235294,19.7058823529,22.1568627451,11.2745098039,22.2549019608,19.1176470588,22.2549019608,22.2549019608,
174,19.5098039216,19.9019607843,19.7058823529,19.1176470588,23.0392156863,19.9019607843,19.9019607843,19.9019607843,
175,6.86274509804,6.86274509804,6.96078431373,6.86274509804,6.86274509804,7.64705882353,6.86274509804,10.0,
176,9.01960784314,8.23529411765,2.74509803922,9.01960784314,1.17647058824,14.9019607843,2.54901960784,2.84313725490,
177,5.0,5.58823529412,3.43137254902,5.0,11.9607843137,3.33333333333,5.0,4.80392156863,
178,9.90196078431,9.41176470588,9.90196078431,9.90196078431,9.90196078431,9.90196078431,9.90196078431,9.90196078431,
179,7.84313725490,7.84313725490,20.4901960784,20.3921568627,7.84313725490,7.84313725490,7.84313725490,8.62745098039,
180,12.9411764706,19.2156862745,12.9411764706,14.5098039216,0.392156862745,12.9411764706,12.9411764706,19.2156862745,
181,18.9215686275,15.7843137255,18.9215686275,12.5490196078,13.0392156863,12.6470588235,18.9215686275,12.6470588235,
182,20.3921568627,7.84313725490,7.84313725490,20.3921568627,20.3921568627,20.5882352941,2.15686274510,20.3921568627,
183,18.1372549020,18.1372549020,18.1372549020,16.5686274510,21.2745098039,18.1372549020,18.1372549020,16.5686274510,
184,6.66666666667,20.0,7.45098039216,20.0,9.01960784314,20.0,7.25490196078,7.45098039216,
185,18.1372549020,15.7843137255,4.01960784314,16.5686274510,4.01960784314,16.9607843137,16.5686274510,15.7843137255,
186,18.9215686275,7.94117647059,7.94117647059,7.94117647059,7.84313725490,8.33333333333,7.84313725490,7.94117647059,
187,3.23529411765,3.43137254902,3.23529411765,4.80392156863,3.43137254902,3.23529411765,3.23529411765,0.490196078431,
188,19.3137254902,19.3137254902,19.5098039216,19.3137254902,19.3137254902,13.0392156863,19.3137254902,14.6078431373,
189,9.70588235294,9.50980392157,3.62745098039,3.23529411765,6.37254901961,9.50980392157,6.37254901961,9.50980392157,
190,9.01960784314,3.03921568627,21.5686274510,9.01960784314,7.45098039216,9.01960784314,12.1568627451,9.01960784314,
191,20.3921568627,9.70588235294,13.3333333333,4.31372549020,0.294117647059,12.3529411765,22.2549019608,24.3137254902,
192,6.56862745098,0.294117647059,1.27450980392,24.9019607843,4.11764705882,9.21568627451,4.31372549020,14.1176470588,
193,15.8823529412,23.7254901961,24.5098039216,5.78431372549,20.4901960784,20.0980392157,1.47058823529,16.1764705882,
194,8.52941176471,11.3725490196,24.4117647059,8.33333333333,14.9019607843,4.60784313725,16.6666666667,5.88235294118,
195,22.4509803922,3.03921568627,2.54901960784,20.0980392157,14.9019607843,14.9019607843,5.78431372549,24.9019607843,
196,0.686274509804,10.0980392157,10.1960784314,12.5490196078,0.490196078431,9.01960784314,12.2549019608,21.8627450980,
197,22.0588235294,12.9411764706,7.25490196078,6.17647058824,9.70588235294,1.47058823529,7.15686274510,7.05882352941,
198,11.2745098039,15.4901960784,9.01960784314,22.4509803922,6.86274509804,1.07843137255,5.88235294118,13.9215686275,
199,11.0784313725,20.0,13.7254901961,22.8431372549,13.7254901961,6.56862745098,12.9411764706,3.72549019608,

Population fitness value 
0,0
1,0
2,0
3,0
4,0
5,0
6,0
7,0
8,0
9,0
10,0
11,0
12,0
13,0
14,0
15,0
16,0
17,0
18,0
19,0
20,0
21,0
22,0
23,0
24,0
25,0
26,0
27,0
28,0
29,0
30,0
31,0
32,0
33,0
34,0
35,0
36,0
37,0
38,0
39,0
40,0
41,0
42,0
43,0
44,0
45,0
46,0
47,0
48,0
49,0
50,0
51,0
52,0
53,0
54,0
55,0
56,0
57,0
58,0
59,0
60,0
61,0
62,0
63,0
64,0
65,0
66,0
67,0
68,0
69,0
70,0
71,0
72,0
73,0
74,0
75,0
76,0
77,0
78,0
79,0
80,0
81,0
82,0
83,0
84,0
85,0
86,0
87,0
88,0
89,0
90,0
91,0
92,0
93,0
94,0
95,0
96,0
97,0
98,0
99,0
100,0
101,0
102,0
103,0
104,0
105,0
106,0
107,0
108,0
109,0
110,0
111,0
112,0
113,0
114,0
115,0
116,0
117,0
118,0
119,0
120,0
121,0
122,0
123,0
124,0
125,0
126,0
127,0
128,0
129,0
130,0
131,0
132,0
133,0
134,0
135,0
136,0
137,0
138,0
139,0
140,0
141,0
142,0
143,0
144,0
145,0
146,0
147,0
148,0
149,0
150,0
151,0
152,0
153,0
154,0
155,0
156,0
157,0
158,0
159,0
160,0
161,0
162,0
163,0
164,0
165,0
166,0
167,0
168,0
169,0
170,0
171,0
172,0
173,0
174,0
175,0
176,0
177,0
178,0
179,0
180,0
181,0
182,0
183,0
184,0
185,0
186,0
187,0
188,0
189,0
190,0
191,0
192,0
193,0
194,0
195,0
196,0
197,0
198,0
199,0


