Generation 
15

Number of individuals per generation
50

Population scaled variables 
0,5.15873015873,5.15873015873,17.2619047619,5.15873015873,17.6587301587,17.6587301587,5.15873015873,17.6587301587,
1,3.37301587302,3.37301587302,15.8730158730,3.37301587302,15.8730158730,15.8730158730,3.37301587302,15.8730158730,
2,11.3095238095,4.96031746032,14.2857142857,4.96031746032,17.4603174603,17.4603174603,4.96031746032,17.4603174603,
3,3.96825396825,3.96825396825,18.0555555556,3.96825396825,16.4682539683,16.4682539683,3.96825396825,16.4682539683,
4,4.96031746032,4.96031746032,17.4603174603,4.96031746032,17.4603174603,17.4603174603,4.96031746032,17.4603174603,
5,1.38888888889,1.38888888889,13.8888888889,1.38888888889,13.8888888889,13.8888888889,1.38888888889,13.8888888889,
6,3.96825396825,3.96825396825,16.4682539683,3.96825396825,16.4682539683,16.4682539683,3.96825396825,16.4682539683,
7,3.96825396825,3.96825396825,16.4682539683,3.96825396825,16.4682539683,16.4682539683,3.96825396825,16.4682539683,
8,7.93650793651,7.93650793651,20.4365079365,7.93650793651,20.4365079365,20.4365079365,7.93650793651,20.4365079365,
9,3.17460317460,3.17460317460,15.6746031746,3.17460317460,15.6746031746,15.6746031746,3.17460317460,15.6746031746,
10,4.96031746032,4.96031746032,17.4603174603,4.96031746032,17.4603174603,17.4603174603,4.96031746032,17.4603174603,
11,4.96031746032,4.96031746032,17.4603174603,4.96031746032,17.8571428571,17.4603174603,5.35714285714,17.4603174603,
12,1.38888888889,1.38888888889,13.8888888889,1.38888888889,13.8888888889,13.8888888889,7.73809523810,13.8888888889,
13,4.96031746032,4.96031746032,17.4603174603,4.96031746032,17.4603174603,17.4603174603,4.96031746032,17.4603174603,
14,3.96825396825,3.96825396825,16.4682539683,3.96825396825,16.4682539683,16.4682539683,3.96825396825,16.4682539683,
15,1.19047619048,1.19047619048,13.6904761905,1.19047619048,13.6904761905,13.6904761905,1.19047619048,13.6904761905,
16,1.38888888889,1.38888888889,13.8888888889,1.38888888889,13.4920634921,13.8888888889,1.38888888889,13.8888888889,
17,3.37301587302,3.37301587302,15.8730158730,3.37301587302,15.8730158730,15.8730158730,3.37301587302,15.8730158730,
18,5.55555555556,3.96825396825,16.4682539683,3.96825396825,16.4682539683,16.4682539683,3.96825396825,16.4682539683,
19,4.96031746032,4.96031746032,17.4603174603,4.96031746032,17.4603174603,17.4603174603,4.96031746032,17.4603174603,
20,3.96825396825,3.96825396825,16.4682539683,3.96825396825,16.4682539683,16.4682539683,3.96825396825,16.4682539683,
21,4.96031746032,4.96031746032,17.4603174603,4.96031746032,17.4603174603,17.4603174603,4.96031746032,17.4603174603,
22,6.94444444444,6.94444444444,19.4444444444,6.94444444444,19.4444444444,19.4444444444,6.94444444444,19.4444444444,
23,3.17460317460,3.17460317460,15.6746031746,3.17460317460,15.6746031746,15.6746031746,3.17460317460,15.6746031746,
24,6.54761904762,6.54761904762,19.0476190476,6.54761904762,19.0476190476,19.4444444444,6.54761904762,19.0476190476,
25,3.37301587302,3.37301587302,15.8730158730,3.37301587302,15.8730158730,15.8730158730,3.37301587302,16.6666666667,
26,3.37301587302,3.37301587302,15.8730158730,3.37301587302,15.8730158730,15.8730158730,3.37301587302,15.8730158730,
27,3.96825396825,3.96825396825,16.4682539683,3.96825396825,16.4682539683,16.4682539683,3.96825396825,16.4682539683,
28,3.96825396825,3.96825396825,16.4682539683,3.96825396825,16.4682539683,16.4682539683,3.96825396825,16.4682539683,
29,3.76984126984,3.76984126984,16.2698412698,3.76984126984,16.2698412698,16.2698412698,3.76984126984,16.2698412698,
30,4.96031746032,4.96031746032,17.4603174603,4.96031746032,17.4603174603,17.4603174603,4.96031746032,17.4603174603,
31,6.54761904762,6.54761904762,19.0476190476,6.54761904762,19.0476190476,19.0476190476,6.54761904762,19.0476190476,
32,3.76984126984,10.1190476190,16.2698412698,3.76984126984,16.2698412698,16.2698412698,3.76984126984,16.2698412698,
33,3.96825396825,3.96825396825,16.4682539683,3.96825396825,16.4682539683,16.4682539683,3.96825396825,16.4682539683,
34,7.93650793651,7.93650793651,20.4365079365,7.93650793651,20.4365079365,20.4365079365,7.93650793651,20.4365079365,
35,4.96031746032,4.96031746032,17.4603174603,4.96031746032,17.4603174603,17.4603174603,4.96031746032,17.4603174603,
36,1.19047619048,1.19047619048,13.6904761905,1.19047619048,13.6904761905,13.6904761905,1.19047619048,13.6904761905,
37,3.17460317460,3.17460317460,15.6746031746,3.17460317460,15.6746031746,15.6746031746,3.17460317460,15.6746031746,
38,11.9047619048,10.3174603175,22.8174603175,10.3174603175,22.8174603175,22.8174603175,10.3174603175,22.8174603175,
39,10.3174603175,10.3174603175,22.8174603175,10.3174603175,22.8174603175,24.4047619048,10.3174603175,22.8174603175,
40,3.76984126984,2.18253968254,19.0476190476,4.16666666667,24.4047619048,16.8650793651,0.396825396825,19.6428571429,
41,1.19047619048,4.96031746032,23.6111111111,1.78571428571,18.0555555556,18.4523809524,2.38095238095,19.6428571429,
42,10.3174603175,0.992063492063,18.8492063492,6.34920634921,24.0079365079,24.2063492063,2.18253968254,20.4365079365,
43,6.54761904762,0.793650793651,13.0952380952,0.0,23.4126984127,14.2857142857,2.57936507937,24.2063492063,
44,1.38888888889,7.34126984127,22.8174603175,7.93650793651,19.4444444444,21.6269841270,9.72222222222,24.2063492063,
45,7.93650793651,2.18253968254,22.2222222222,0.992063492063,18.2539682540,17.0634920635,5.55555555556,21.6269841270,
46,3.96825396825,10.7142857143,23.2142857143,0.198412698413,24.4047619048,17.4603174603,0.793650793651,15.2777777778,
47,3.96825396825,9.12698412698,22.6190476190,3.37301587302,24.6031746032,16.6666666667,0.0,17.0634920635,
48,4.96031746032,1.78571428571,23.8095238095,4.96031746032,17.4603174603,17.4603174603,4.96031746032,17.4603174603,
49,3.17460317460,11.1111111111,19.0476190476,3.37301587302,21.0317460317,19.4444444444,5.75396825397,21.6269841270,

Population fitness value 
0,153.769841270
1,156.25
2,96.7261904762
3,166.170634921
4,156.25
5,156.25
6,156.25
7,156.25
8,156.25
9,156.25
10,156.25
11,156.25
12,116.567460317
13,156.25
14,156.25
15,156.25
16,153.769841270
17,156.25
18,146.329365079
19,156.25
20,156.25
21,156.25
22,156.25
23,156.25
24,158.730158730
25,161.210317460
26,156.25
27,156.25
28,156.25
29,156.25
30,156.25
31,156.25
32,116.567460317
33,156.25
34,156.25
35,156.25
36,156.25
37,156.25
38,146.329365079
39,166.170634921
40,296.595490048
41,293.800390527
42,289.883314437
43,275.061413454
44,240.417926430
45,230.457923910
46,229.709939531
47,226.521164021
48,225.851914840
49,218.372071051


