Generation 
56

Number of individuals per generation
200

Population scaled variables 
0,7.35294117647,23.0392156863,19.9019607843,23.0392156863,19.9019607843,19.9019607843,19.9019607843,19.9019607843,
1,5.09803921569,5.09803921569,3.13725490196,3.52941176471,6.07843137255,10.5882352941,5.09803921569,5.09803921569,
2,12.2549019608,11.8627450980,12.1568627451,2.84313725490,12.2549019608,12.2549019608,12.2549019608,12.2549019608,
3,24.6078431373,24.6078431373,22.8431372549,24.6078431373,10.4901960784,24.6078431373,24.6078431373,24.6078431373,
4,10.9803921569,11.0784313725,11.8627450980,11.2745098039,11.0784313725,11.0784313725,12.2549019608,9.90196078431,
5,17.2549019608,4.70588235294,4.70588235294,4.70588235294,4.70588235294,5.49019607843,10.9803921569,4.70588235294,
6,22.5490196078,22.5490196078,22.5490196078,22.5490196078,24.1176470588,22.5490196078,11.5686274510,22.5490196078,
7,24.0196078431,24.0196078431,24.0196078431,24.0196078431,22.4509803922,17.7450980392,23.9215686275,22.4509803922,
8,23.7254901961,23.7254901961,23.8235294118,22.5490196078,23.8235294118,23.8235294118,5.0,23.7254901961,
9,24.0196078431,24.0196078431,23.6274509804,24.0196078431,23.9215686275,24.0196078431,11.4705882353,24.0196078431,
10,19.6078431373,19.7058823529,19.7058823529,19.7058823529,19.7058823529,19.7058823529,19.9019607843,22.8431372549,
11,22.1568627451,22.2549019608,22.0588235294,22.1568627451,22.2549019608,22.2549019608,22.0588235294,22.1568627451,
12,22.4509803922,22.4509803922,10.0980392157,22.4509803922,22.4509803922,16.1764705882,22.4509803922,22.4509803922,
13,23.1372549020,23.1372549020,23.1372549020,20.0,22.3529411765,18.4313725490,23.1372549020,16.8627450980,
14,22.4509803922,23.6274509804,22.4509803922,3.52941176471,22.4509803922,22.4509803922,10.6862745098,19.3137254902,
15,8.52941176471,8.43137254902,0.588235294118,11.5686274510,8.43137254902,8.43137254902,2.15686274510,8.43137254902,
16,11.9607843137,11.9607843137,5.68627450980,10.3921568627,10.3921568627,8.82352941176,11.9607843137,24.5098039216,
17,18.9215686275,18.9215686275,22.0588235294,18.8235294118,22.3529411765,18.9215686275,18.9215686275,18.9215686275,
18,5.68627450980,5.68627450980,1.76470588235,5.68627450980,5.68627450980,2.54901960784,2.54901960784,5.68627450980,
19,24.3137254902,24.3137254902,24.3137254902,11.8627450980,24.5098039216,21.2745098039,24.5098039216,24.3137254902,
20,1.17647058824,0.392156862745,1.17647058824,1.17647058824,0.392156862745,1.17647058824,1.17647058824,1.17647058824,
21,0.980392156863,0.196078431373,13.5294117647,0.78431372549,1.07843137255,0.980392156863,1.07843137255,15.0980392157,
22,20.9803921569,20.9803921569,20.9803921569,20.9803921569,20.9803921569,21.7647058824,20.9803921569,20.9803921569,
23,11.5686274510,8.23529411765,8.43137254902,8.43137254902,8.82352941176,8.52941176471,8.43137254902,8.43137254902,
24,20.0980392157,7.15686274510,20.0980392157,13.8235294118,20.0980392157,20.0980392157,20.0980392157,20.0980392157,
25,19.4117647059,21.7647058824,20.1960784314,20.0,7.64705882353,20.1960784314,20.1960784314,21.7647058824,
26,18.3333333333,18.3333333333,18.3333333333,18.3333333333,16.7647058824,18.3333333333,24.6078431373,18.3333333333,
27,5.09803921569,5.09803921569,5.09803921569,5.09803921569,5.09803921569,5.09803921569,5.29411764706,5.88235294118,
28,21.8627450980,8.52941176471,21.0784313725,21.0784313725,21.0784313725,21.0784313725,8.23529411765,21.0784313725,
29,15.6862745098,3.52941176471,0.490196078431,3.62745098039,4.41176470588,17.7450980392,2.05882352941,3.62745098039,
30,4.60784313725,4.60784313725,4.60784313725,4.60784313725,16.5686274510,3.82352941176,4.60784313725,4.60784313725,
31,20.1960784314,20.1960784314,7.74509803922,9.80392156863,7.64705882353,7.64705882353,7.64705882353,6.86274509804,
32,5.09803921569,5.09803921569,3.52941176471,5.09803921569,3.52941176471,3.52941176471,3.52941176471,3.52941176471,
33,4.70588235294,4.70588235294,4.70588235294,4.90196078431,18.0392156863,4.80392156863,5.0,4.70588235294,
34,3.72549019608,3.72549019608,16.2745098039,5.29411764706,3.72549019608,3.72549019608,3.72549019608,4.50980392157,
35,6.37254901961,21.2745098039,18.9215686275,20.4901960784,6.37254901961,18.9215686275,18.9215686275,22.4509803922,
36,15.1960784314,15.5882352941,15.5882352941,15.5882352941,15.5882352941,15.5882352941,21.8627450980,15.5882352941,
37,0.686274509804,0.686274509804,6.96078431373,4.60784313725,13.2352941176,0.686274509804,6.96078431373,3.82352941176,
38,14.6078431373,13.0392156863,15.2941176471,14.6078431373,15.3921568627,20.8823529412,14.2156862745,14.6078431373,
39,22.0588235294,22.0588235294,22.0588235294,22.4509803922,18.9215686275,22.0588235294,22.0588235294,22.0588235294,
40,22.8431372549,22.8431372549,22.8431372549,22.8431372549,22.0588235294,22.8431372549,22.8431372549,18.1372549020,
41,10.2941176471,4.21568627451,10.2941176471,10.2941176471,4.01960784314,10.2941176471,10.2941176471,10.4901960784,
42,7.45098039216,7.45098039216,7.54901960784,20.0,10.5882352941,7.54901960784,6.66666666667,7.45098039216,
43,18.0392156863,2.74509803922,21.5686274510,15.4901960784,20.9803921569,15.4901960784,21.4705882353,14.7058823529,
44,7.94117647059,8.13725490196,8.13725490196,11.2745098039,8.13725490196,7.94117647059,6.47058823529,8.13725490196,
45,18.6274509804,5.88235294118,1.37254901961,8.62745098039,2.94117647059,2.94117647059,2.94117647059,2.74509803922,
46,18.4313725490,18.4313725490,18.4313725490,18.5294117647,18.4313725490,18.4313725490,16.0784313725,16.8627450980,
47,13.2352941176,22.6470588235,13.2352941176,12.6470588235,13.2352941176,13.2352941176,13.2352941176,13.2352941176,
48,11.6666666667,11.6666666667,22.6470588235,11.6666666667,11.2745098039,11.6666666667,11.6666666667,11.6666666667,
49,6.56862745098,6.56862745098,6.56862745098,6.56862745098,6.56862745098,6.56862745098,7.35294117647,7.35294117647,
50,18.8235294118,20.3921568627,20.4901960784,20.3921568627,20.4901960784,20.3921568627,20.3921568627,14.1176470588,
51,0.588235294118,0.686274509804,0.686274509804,1.47058823529,0.686274509804,3.62745098039,0.588235294118,2.25490196078,
52,24.5098039216,24.5098039216,24.5098039216,24.5098039216,24.5098039216,24.3137254902,24.5098039216,24.5098039216,
53,19.0196078431,19.1176470588,9.70588235294,19.1176470588,14.4117647059,19.1176470588,0.294117647059,19.1176470588,
54,15.8823529412,15.8823529412,16.3725490196,15.8823529412,15.8823529412,22.1568627451,15.8823529412,15.8823529412,
55,6.17647058824,4.60784313725,6.17647058824,10.8823529412,6.17647058824,12.4509803922,5.78431372549,18.7254901961,
56,14.8039215686,12.6470588235,12.8431372549,13.0392156863,12.8431372549,12.8431372549,12.8431372549,15.9803921569,
57,8.33333333333,6.76470588235,8.33333333333,8.52941176471,11.4705882353,8.33333333333,7.94117647059,8.33333333333,
58,21.2745098039,2.45098039216,2.84313725490,8.72549019608,8.92156862745,2.35294117647,18.1372549020,0.882352941176,
59,25.0,23.4313725490,25.0,25.0,18.7254901961,25.0,18.7254901961,12.4509803922,
60,18.2352941176,3.92156862745,22.9411764706,17.0588235294,22.7450980392,16.7647058824,16.6666666667,15.8823529412,
61,16.9607843137,16.9607843137,16.1764705882,16.9607843137,17.1568627451,20.0980392157,16.9607843137,16.9607843137,
62,23.3333333333,23.3333333333,23.3333333333,23.3333333333,23.3333333333,24.9019607843,10.7843137255,23.4313725490,
63,24.8039215686,25.0,23.4313725490,25.0,22.6470588235,24.8039215686,25.0,25.0,
64,9.01960784314,21.1764705882,20.7843137255,19.2156862745,8.62745098039,9.01960784314,21.5686274510,21.5686274510,
65,9.31372549020,0.490196078431,11.6666666667,6.96078431373,8.52941176471,10.0980392157,7.74509803922,6.96078431373,
66,2.15686274510,1.96078431373,1.56862745098,6.66666666667,0.392156862745,0.0,1.96078431373,1.96078431373,
67,14.6078431373,14.6078431373,14.6078431373,14.6078431373,14.6078431373,14.6078431373,14.6078431373,14.6078431373,
68,3.82352941176,16.3725490196,3.62745098039,3.82352941176,3.82352941176,4.60784313725,3.43137254902,3.43137254902,
69,22.5490196078,22.5490196078,22.5490196078,22.1568627451,22.5490196078,22.5490196078,20.9803921569,22.5490196078,
70,14.6078431373,14.6078431373,14.6078431373,15.3921568627,14.6078431373,20.8823529412,20.8823529412,14.6078431373,
71,16.6666666667,16.6666666667,16.6666666667,13.5294117647,16.6666666667,16.6666666667,18.2352941176,16.6666666667,
72,8.62745098039,9.01960784314,11.7647058824,11.0784313725,7.84313725490,11.7647058824,11.7647058824,11.0784313725,
73,23.9215686275,20.8823529412,20.7843137255,9.01960784314,20.7843137255,20.8823529412,20.7843137255,20.7843137255,
74,5.19607843137,0.392156862745,5.09803921569,5.09803921569,5.09803921569,5.29411764706,1.96078431373,3.52941176471,
75,6.56862745098,6.56862745098,6.56862745098,22.2549019608,6.56862745098,6.56862745098,7.35294117647,6.56862745098,
76,0.686274509804,0.686274509804,6.56862745098,0.686274509804,2.15686274510,0.294117647059,0.588235294118,1.47058823529,
77,20.7843137255,8.43137254902,8.43137254902,8.43137254902,8.52941176471,7.84313725490,9.21568627451,8.43137254902,
78,14.3137254902,14.9019607843,12.8431372549,18.2352941176,15.1960784314,15.1960784314,15.0980392157,15.0980392157,
79,21.0784313725,21.0784313725,21.0784313725,21.0784313725,21.0784313725,19.5098039216,21.0784313725,20.9803921569,
80,11.3725490196,9.80392156863,6.66666666667,11.3725490196,9.80392156863,9.80392156863,9.41176470588,9.80392156863,
81,5.19607843137,2.05882352941,5.19607843137,5.19607843137,5.19607843137,5.09803921569,5.19607843137,14.6078431373,
82,8.92156862745,21.4705882353,21.4705882353,21.4705882353,21.4705882353,21.4705882353,20.6862745098,20.6862745098,
83,14.1176470588,14.5098039216,14.1176470588,14.1176470588,19.0196078431,14.1176470588,14.1176470588,20.3921568627,
84,20.0980392157,19.3137254902,20.0980392157,20.0980392157,20.0980392157,20.0980392157,7.54901960784,20.0980392157,
85,1.07843137255,1.07843137255,0.980392156863,1.07843137255,0.980392156863,1.07843137255,0.78431372549,1.07843137255,
86,4.41176470588,5.78431372549,4.60784313725,4.60784313725,4.50980392157,4.60784313725,4.60784313725,4.60784313725,
87,23.5294117647,4.80392156863,10.9803921569,10.9803921569,10.9803921569,7.84313725490,10.9803921569,4.70588235294,
88,15.6862745098,3.13725490196,3.33333333333,3.13725490196,0.0,3.13725490196,3.13725490196,21.9607843137,
89,19.3137254902,22.4509803922,22.4509803922,22.4509803922,22.4509803922,22.4509803922,22.0588235294,22.0588235294,
90,12.5490196078,12.5490196078,12.5490196078,17.3529411765,12.5490196078,12.9411764706,12.5490196078,0.0,
91,3.72549019608,3.72549019608,3.72549019608,3.72549019608,3.72549019608,3.72549019608,5.29411764706,3.72549019608,
92,18.4313725490,18.4313725490,18.4313725490,18.4313725490,17.6470588235,18.4313725490,18.4313725490,18.4313725490,
93,5.68627450980,12.4509803922,4.90196078431,2.64705882353,5.68627450980,4.90196078431,5.68627450980,5.68627450980,
94,16.3725490196,15.7843137255,15.7843137255,21.9607843137,15.7843137255,15.7843137255,22.0588235294,16.1764705882,
95,16.2745098039,16.3725490196,17.9411764706,16.2745098039,16.3725490196,22.6470588235,22.6470588235,4.60784313725,
96,3.72549019608,1.76470588235,0.294117647059,2.15686274510,2.15686274510,2.94117647059,2.15686274510,2.15686274510,
97,15.6862745098,19.7058823529,18.9215686275,22.0588235294,22.0588235294,22.0588235294,21.9607843137,22.0588235294,
98,9.31372549020,9.31372549020,9.31372549020,9.31372549020,9.31372549020,9.31372549020,9.31372549020,12.4509803922,
99,5.78431372549,5.78431372549,12.0588235294,12.0588235294,10.8823529412,12.0588235294,8.92156862745,11.1764705882,
100,6.17647058824,5.98039215686,6.17647058824,6.17647058824,6.17647058824,2.94117647059,6.17647058824,3.03921568627,
101,13.9215686275,13.6274509804,7.25490196078,0.980392156863,0.980392156863,0.980392156863,0.980392156863,0.980392156863,
102,11.0784313725,9.41176470588,9.41176470588,10.9803921569,10.9803921569,4.70588235294,10.9803921569,10.9803921569,
103,12.7450980392,15.8823529412,22.1568627451,3.33333333333,15.8823529412,15.8823529412,22.1568627451,15.6862745098,
104,18.4313725490,21.5686274510,18.4313725490,18.4313725490,18.4313725490,16.9607843137,18.4313725490,18.4313725490,
105,8.33333333333,9.11764705882,8.33333333333,8.33333333333,21.6666666667,8.33333333333,8.33333333333,20.8823529412,
106,24.7058823529,24.3137254902,21.9607843137,24.3137254902,23.5294117647,16.4705882353,5.88235294118,24.3137254902,
107,8.13725490196,8.03921568627,8.03921568627,20.6862745098,8.13725490196,11.2745098039,8.13725490196,21.0784313725,
108,19.8039215686,20.1960784314,19.6078431373,19.8039215686,19.8039215686,19.1176470588,13.5294117647,20.0,
109,23.2352941176,23.2352941176,20.0980392157,23.2352941176,24.4117647059,20.0980392157,23.2352941176,23.2352941176,
110,7.54901960784,6.76470588235,9.11764705882,7.54901960784,7.54901960784,7.74509803922,6.76470588235,7.54901960784,
111,15.0,15.0,13.4313725490,15.0,15.0,15.3921568627,15.0,15.0,
112,1.66666666667,1.66666666667,1.66666666667,7.84313725490,1.66666666667,1.66666666667,7.94117647059,1.66666666667,
113,23.5294117647,20.3921568627,10.9803921569,23.5294117647,21.9607843137,8.03921568627,23.5294117647,23.5294117647,
114,19.5098039216,0.294117647059,19.5098039216,6.96078431373,6.96078431373,6.96078431373,6.86274509804,6.96078431373,
115,15.9803921569,17.5490196078,17.5490196078,14.4117647059,17.4509803922,17.4509803922,17.5490196078,17.9411764706,
116,15.7843137255,16.5686274510,15.9803921569,4.80392156863,12.6470588235,17.3529411765,17.9411764706,3.13725490196,
117,0.980392156863,0.980392156863,13.5294117647,13.5294117647,13.5294117647,13.5294117647,13.5294117647,13.9215686275,
118,12.2549019608,12.2549019608,10.6862745098,12.2549019608,12.2549019608,12.2549019608,12.2549019608,12.2549019608,
119,19.7058823529,19.7058823529,12.6470588235,19.7058823529,19.6078431373,18.9215686275,19.7058823529,19.7058823529,
120,12.8431372549,13.4313725490,12.8431372549,12.8431372549,12.8431372549,12.8431372549,19.1176470588,12.8431372549,
121,17.2549019608,17.2549019608,18.0392156863,17.2549019608,17.2549019608,17.2549019608,17.2549019608,17.2549019608,
122,11.0784313725,11.0784313725,11.0784313725,11.0784313725,24.4117647059,11.0784313725,12.0588235294,11.0784313725,
123,20.0980392157,19.3137254902,20.0980392157,20.0980392157,21.6666666667,19.9019607843,20.0980392157,20.0980392157,
124,11.2745098039,12.0588235294,23.7254901961,11.2745098039,11.2745098039,11.2745098039,8.13725490196,11.1764705882,
125,8.52941176471,8.52941176471,8.52941176471,8.13725490196,8.52941176471,8.52941176471,3.03921568627,8.43137254902,
126,7.84313725490,6.27450980392,8.62745098039,20.3921568627,8.03921568627,7.94117647059,7.84313725490,7.84313725490,
127,20.2941176471,7.74509803922,7.74509803922,7.74509803922,1.17647058824,7.74509803922,10.8823529412,10.8823529412,
128,20.2941176471,20.2941176471,19.9019607843,20.2941176471,19.5098039216,20.1960784314,20.0980392157,19.9019607843,
129,11.2745098039,11.6666666667,11.1764705882,12.0588235294,7.35294117647,11.2745098039,12.0588235294,11.2745098039,
130,5.58823529412,5.58823529412,5.58823529412,5.58823529412,5.58823529412,5.58823529412,5.58823529412,5.58823529412,
131,22.0588235294,22.0588235294,22.2549019608,22.0588235294,16.5686274510,22.0588235294,22.0588235294,22.0588235294,
132,21.9607843137,3.23529411765,9.50980392157,7.15686274510,3.23529411765,9.50980392157,9.50980392157,9.50980392157,
133,17.8431372549,17.4509803922,24.1176470588,23.7254901961,17.4509803922,4.90196078431,17.4509803922,17.4509803922,
134,19.9019607843,22.8431372549,22.8431372549,22.8431372549,19.7058823529,22.8431372549,22.8431372549,9.50980392157,
135,14.7058823529,24.1176470588,17.8431372549,24.1176470588,20.9803921569,24.1176470588,24.1176470588,25.0,
136,14.1176470588,14.1176470588,14.1176470588,14.1176470588,14.1176470588,14.1176470588,14.2156862745,14.1176470588,
137,0.0,3.52941176471,3.33333333333,3.13725490196,0.0,3.23529411765,3.13725490196,1.56862745098,
138,20.1960784314,20.1960784314,20.1960784314,20.1960784314,19.8039215686,12.7450980392,19.4117647059,20.1960784314,
139,10.2941176471,11.8627450980,11.8627450980,12.0588235294,11.8627450980,11.8627450980,5.98039215686,11.8627450980,
140,9.70588235294,9.70588235294,9.70588235294,9.70588235294,9.70588235294,9.70588235294,9.70588235294,9.70588235294,
141,14.1176470588,14.5098039216,14.6078431373,14.5098039216,15.2941176471,1.56862745098,14.5098039216,14.5098039216,
142,0.294117647059,0.0,12.6470588235,0.0980392156863,0.0980392156863,0.294117647059,0.882352941176,0.0980392156863,
143,19.4117647059,13.2352941176,14.0196078431,14.0196078431,19.5098039216,13.0392156863,17.1568627451,13.2352941176,
144,1.66666666667,5.78431372549,5.0,4.80392156863,4.80392156863,14.2156862745,5.58823529412,4.80392156863,
145,21.6666666667,24.8039215686,21.6666666667,21.6666666667,21.5686274510,20.0980392157,21.6666666667,21.6666666667,
146,22.9411764706,22.9411764706,24.5098039216,22.9411764706,24.5098039216,22.9411764706,22.9411764706,22.9411764706,
147,22.1568627451,22.9411764706,22.9411764706,22.1568627451,22.9411764706,3.33333333333,22.9411764706,22.9411764706,
148,5.29411764706,0.588235294118,3.72549019608,3.72549019608,3.72549019608,3.72549019608,3.72549019608,16.2745098039,
149,17.9411764706,16.3725490196,5.0,17.9411764706,17.9411764706,17.9411764706,17.9411764706,17.9411764706,
150,23.0392156863,23.0392156863,23.4313725490,23.0392156863,22.2549019608,23.4313725490,23.0392156863,23.0392156863,
151,12.5490196078,0.78431372549,1.56862745098,0.0,1.56862745098,0.78431372549,0.78431372549,0.0,
152,20.0980392157,21.6666666667,24.8039215686,21.6666666667,21.5686274510,21.6666666667,9.11764705882,9.11764705882,
153,7.64705882353,10.0,6.86274509804,7.45098039216,8.43137254902,7.64705882353,6.86274509804,6.86274509804,
154,22.8431372549,22.7450980392,22.8431372549,22.8431372549,22.8431372549,24.4117647059,24.4117647059,22.8431372549,
155,14.9019607843,15.0980392157,14.9019607843,14.9019607843,21.1764705882,1.76470588235,14.9019607843,15.0,
156,19.6078431373,19.6078431373,7.15686274510,18.8235294118,20.0,21.1764705882,19.6078431373,19.6078431373,
157,15.6862745098,9.60784313725,3.13725490196,9.41176470588,3.13725490196,4.11764705882,3.13725490196,3.13725490196,
158,21.1764705882,21.1764705882,21.1764705882,13.3333333333,21.1764705882,21.1764705882,14.9019607843,24.3137254902,
159,4.70588235294,4.70588235294,10.9803921569,4.70588235294,4.70588235294,4.70588235294,1.56862745098,5.09803921569,
160,17.2549019608,24.6078431373,24.9019607843,21.3725490196,24.5098039216,24.5098039216,22.9411764706,24.5098039216,
161,7.74509803922,10.8823529412,10.6862745098,9.90196078431,9.90196078431,10.6862745098,10.6862745098,10.6862745098,
162,10.7843137255,16.6666666667,5.68627450980,10.3921568627,10.3921568627,10.1960784314,9.60784313725,10.3921568627,
163,14.0196078431,13.9215686275,15.4901960784,15.4901960784,20.1960784314,17.0588235294,13.7254901961,13.9215686275,
164,20.7843137255,14.5098039216,20.5882352941,21.5686274510,19.2156862745,22.3529411765,14.5098039216,20.7843137255,
165,19.3137254902,19.5098039216,19.3137254902,19.3137254902,19.3137254902,19.3137254902,19.3137254902,18.9215686275,
166,19.6078431373,19.6078431373,19.6078431373,18.8235294118,19.7058823529,19.6078431373,20.1960784314,20.0,
167,4.70588235294,4.90196078431,10.9803921569,4.70588235294,4.70588235294,4.70588235294,1.66666666667,4.70588235294,
168,14.3137254902,15.8823529412,13.1372549020,17.4509803922,16.6666666667,15.9803921569,15.8823529412,15.8823529412,
169,20.6862745098,20.6862745098,20.6862745098,21.0784313725,20.6862745098,20.6862745098,20.6862745098,8.03921568627,
170,9.70588235294,9.70588235294,9.70588235294,9.60784313725,9.70588235294,9.50980392157,9.60784313725,9.70588235294,
171,16.3725490196,16.2745098039,14.7058823529,16.3725490196,16.3725490196,17.9411764706,16.3725490196,17.1568627451,
172,6.76470588235,22.3529411765,19.3137254902,19.3137254902,19.3137254902,20.8823529412,19.3137254902,19.3137254902,
173,0.588235294118,1.17647058824,19.5098039216,1.47058823529,0.686274509804,5.39215686275,0.294117647059,6.96078431373,
174,5.98039215686,2.05882352941,2.05882352941,5.19607843137,17.7450980392,5.19607843137,3.62745098039,5.19607843137,
175,10.7843137255,9.60784313725,9.60784313725,9.41176470588,6.47058823529,6.47058823529,9.41176470588,10.3921568627,
176,3.13725490196,3.52941176471,3.13725490196,3.13725490196,4.70588235294,3.13725490196,3.33333333333,3.13725490196,
177,9.31372549020,9.31372549020,9.11764705882,9.31372549020,10.8823529412,21.8627450980,21.8627450980,9.31372549020,
178,24.0196078431,20.8823529412,9.01960784314,20.8823529412,18.9215686275,21.0784313725,20.4901960784,20.7843137255,
179,5.58823529412,5.58823529412,5.58823529412,2.45098039216,5.49019607843,17.3529411765,5.58823529412,6.17647058824,
180,24.1176470588,24.1176470588,11.5686274510,11.5686274510,11.5686274510,12.3529411765,4.90196078431,5.29411764706,
181,11.0784313725,7.84313725490,11.0784313725,11.0784313725,11.0784313725,11.0784313725,11.0784313725,10.9803921569,
182,23.6274509804,24.6078431373,23.7254901961,23.8235294118,20.6862745098,22.2549019608,24.6078431373,22.2549019608,
183,11.0784313725,11.0784313725,11.4705882353,11.0784313725,5.0,11.0784313725,11.0784313725,9.50980392157,
184,8.72549019608,2.45098039216,8.72549019608,8.92156862745,2.45098039216,7.15686274510,20.4901960784,8.72549019608,
185,10.0,6.86274509804,10.0,10.7843137255,10.7843137255,22.2549019608,9.80392156863,10.8823529412,
186,15.8823529412,3.43137254902,3.33333333333,3.33333333333,4.90196078431,3.33333333333,10.3921568627,3.92156862745,
187,11.3725490196,9.80392156863,3.52941176471,9.80392156863,9.80392156863,3.52941176471,3.52941176471,9.80392156863,
188,9.11764705882,21.6666666667,9.11764705882,9.11764705882,9.11764705882,9.11764705882,7.54901960784,21.6666666667,
189,8.92156862745,11.0784313725,10.3921568627,11.8627450980,11.8627450980,11.8627450980,11.8627450980,11.8627450980,
190,23.7254901961,24.1176470588,23.9215686275,24.1176470588,11.5686274510,20.9803921569,11.5686274510,24.0196078431,
191,11.0784313725,20.0,13.7254901961,22.8431372549,13.7254901961,6.56862745098,12.9411764706,3.72549019608,
192,11.2745098039,15.4901960784,9.01960784314,22.4509803922,6.86274509804,1.07843137255,5.88235294118,13.9215686275,
193,22.0588235294,12.9411764706,7.25490196078,6.17647058824,9.70588235294,1.47058823529,7.15686274510,7.05882352941,
194,0.686274509804,10.0980392157,10.1960784314,12.5490196078,0.490196078431,9.01960784314,12.2549019608,21.8627450980,
195,22.4509803922,3.03921568627,2.54901960784,20.0980392157,14.9019607843,14.9019607843,5.78431372549,24.9019607843,
196,8.52941176471,11.3725490196,24.4117647059,8.33333333333,14.9019607843,4.60784313725,16.6666666667,5.88235294118,
197,15.8823529412,23.7254901961,24.5098039216,5.78431372549,20.4901960784,20.0980392157,1.47058823529,16.1764705882,
198,6.56862745098,0.294117647059,1.27450980392,24.9019607843,4.11764705882,9.21568627451,4.31372549020,14.1176470588,
199,20.3921568627,9.70588235294,13.3333333333,4.31372549020,0.294117647059,12.3529411765,22.2549019608,24.3137254902,

Population fitness value 
0,0
1,0
2,0
3,0
4,0
5,0
6,0
7,0
8,0
9,0
10,0
11,0
12,0
13,0
14,0
15,0
16,0
17,0
18,0
19,0
20,0
21,0
22,0
23,0
24,0
25,0
26,0
27,0
28,0
29,0
30,0
31,0
32,0
33,0
34,0
35,0
36,0
37,0
38,0
39,0
40,0
41,0
42,0
43,0
44,0
45,0
46,0
47,0
48,0
49,0
50,0
51,0
52,0
53,0
54,0
55,0
56,0
57,0
58,0
59,0
60,0
61,0
62,0
63,0
64,0
65,0
66,0
67,0
68,0
69,0
70,0
71,0
72,0
73,0
74,0
75,0
76,0
77,0
78,0
79,0
80,0
81,0
82,0
83,0
84,0
85,0
86,0
87,0
88,0
89,0
90,0
91,0
92,0
93,0
94,0
95,0
96,0
97,0
98,0
99,0
100,0
101,0
102,0
103,0
104,0
105,0
106,0
107,0
108,0
109,0
110,0
111,0
112,0
113,0
114,0
115,0
116,0
117,0
118,0
119,0
120,0
121,0
122,0
123,0
124,0
125,0
126,0
127,0
128,0
129,0
130,0
131,0
132,0
133,0
134,0
135,0
136,0
137,0
138,0
139,0
140,0
141,0
142,0
143,0
144,0
145,0
146,0
147,0
148,0
149,0
150,0
151,0
152,0
153,0
154,0
155,0
156,0
157,0
158,0
159,0
160,0
161,0
162,0
163,0
164,0
165,0
166,0
167,0
168,0
169,0
170,0
171,0
172,0
173,0
174,0
175,0
176,0
177,0
178,0
179,0
180,0
181,0
182,0
183,0
184,0
185,0
186,0
187,0
188,0
189,0
190,0
191,0
192,0
193,0
194,0
195,0
196,0
197,0
198,0
199,0


