Generation 
37

Number of individuals per generation
200

Population scaled variables 
0,9.21568627451,21.6666666667,21.6666666667,21.6666666667,15.0,21.6666666667,21.6666666667,21.6666666667,
1,12.8431372549,19.1176470588,19.5098039216,19.1176470588,19.1176470588,19.1176470588,19.1176470588,22.2549019608,
2,8.13725490196,20.6862745098,8.13725490196,8.92156862745,6.56862745098,8.13725490196,1.76470588235,11.2745098039,
3,5.39215686275,5.19607843137,5.19607843137,5.19607843137,11.4705882353,5.19607843137,0.490196078431,17.7450980392,
4,21.4705882353,20.6862745098,19.1176470588,14.4117647059,20.6862745098,14.4117647059,20.6862745098,14.4117647059,
5,12.0588235294,24.6078431373,24.6078431373,12.0588235294,8.92156862745,12.0588235294,11.8627450980,12.0588235294,
6,11.1764705882,23.8235294118,11.0784313725,11.2745098039,11.0784313725,20.6862745098,24.9019607843,11.0784313725,
7,12.7450980392,12.6470588235,12.5490196078,12.6470588235,12.6470588235,14.2156862745,14.2156862745,12.5490196078,
8,10.2941176471,10.2941176471,11.8627450980,10.2941176471,10.2941176471,10.2941176471,4.01960784314,11.8627450980,
9,7.54901960784,13.8235294118,20.0980392157,15.3921568627,20.8823529412,20.0980392157,20.0980392157,20.2941176471,
10,16.3725490196,16.3725490196,16.1764705882,16.7647058824,12.7450980392,15.9803921569,16.3725490196,16.3725490196,
11,11.6666666667,25.0,24.2156862745,24.1176470588,11.6666666667,24.1176470588,24.2156862745,24.2156862745,
12,11.0784313725,11.2745098039,11.2745098039,11.2745098039,11.2745098039,11.2745098039,9.70588235294,5.0,
13,20.8823529412,19.3137254902,21.0784313725,20.7843137255,20.8823529412,20.8823529412,20.8823529412,20.8823529412,
14,24.1176470588,23.9215686275,24.7058823529,11.5686274510,23.9215686275,23.9215686275,17.7450980392,23.9215686275,
15,14.0196078431,7.74509803922,17.1568627451,1.47058823529,14.0196078431,14.0196078431,17.1568627451,19.5098039216,
16,20.0980392157,20.0980392157,20.0980392157,20.0980392157,20.0980392157,20.2941176471,23.2352941176,19.7058823529,
17,11.1764705882,9.70588235294,11.2745098039,8.13725490196,8.03921568627,11.2745098039,11.2745098039,11.2745098039,
18,2.74509803922,13.9215686275,1.37254901961,2.94117647059,2.94117647059,1.37254901961,1.37254901961,1.37254901961,
19,22.7450980392,24.4117647059,16.4705882353,22.7450980392,10.1960784314,24.3137254902,22.7450980392,19.6078431373,
20,10.1960784314,10.1960784314,10.1960784314,10.3921568627,10.1960784314,10.3921568627,16.4705882353,10.1960784314,
21,8.03921568627,8.13725490196,8.13725490196,6.56862745098,11.1764705882,8.13725490196,8.13725490196,8.13725490196,
22,15.0,15.0,18.1372549020,15.0,8.72549019608,15.0,15.0,18.1372549020,
23,10.0980392157,11.4705882353,9.90196078431,9.90196078431,12.2549019608,11.4705882353,9.90196078431,21.9607843137,
24,19.3137254902,19.3137254902,6.76470588235,19.3137254902,20.0980392157,19.3137254902,19.3137254902,20.8823529412,
25,17.3529411765,17.3529411765,17.3529411765,17.5490196078,14.2156862745,17.3529411765,14.2156862745,17.3529411765,
26,8.33333333333,1.56862745098,2.05882352941,0.490196078431,2.05882352941,2.25490196078,2.05882352941,2.05882352941,
27,1.07843137255,1.07843137255,6.56862745098,19.9019607843,1.07843137255,1.07843137255,1.47058823529,1.07843137255,
28,1.47058823529,0.196078431373,1.86274509804,6.56862745098,0.294117647059,0.196078431373,0.294117647059,0.294117647059,
29,22.3529411765,19.4117647059,16.0784313725,19.3137254902,12.9411764706,18.9215686275,21.9607843137,19.4117647059,
30,12.0588235294,11.2745098039,11.2745098039,11.6666666667,11.2745098039,11.2745098039,11.2745098039,5.0,
31,6.86274509804,7.64705882353,7.64705882353,6.86274509804,2.15686274510,8.43137254902,6.86274509804,20.9803921569,
32,20.6862745098,21.4705882353,20.9803921569,14.7058823529,20.5882352941,20.5882352941,20.5882352941,20.5882352941,
33,24.9019607843,23.4313725490,23.3333333333,23.3333333333,17.0588235294,23.4313725490,20.2941176471,23.3333333333,
34,3.23529411765,3.23529411765,3.43137254902,3.23529411765,4.80392156863,3.23529411765,3.62745098039,3.43137254902,
35,2.35294117647,2.54901960784,2.35294117647,2.35294117647,14.9019607843,5.49019607843,2.35294117647,5.49019607843,
36,20.0,20.0,7.45098039216,20.0,20.0,18.8235294118,19.4117647059,20.0,
37,3.23529411765,5.58823529412,5.58823529412,5.78431372549,5.58823529412,5.49019607843,5.58823529412,5.58823529412,
38,3.62745098039,3.62745098039,3.62745098039,5.19607843137,3.62745098039,16.3725490196,3.62745098039,4.31372549020,
39,2.05882352941,2.05882352941,2.05882352941,1.96078431373,2.05882352941,1.96078431373,2.84313725490,0.490196078431,
40,6.27450980392,6.37254901961,6.56862745098,0.294117647059,6.86274509804,0.294117647059,6.56862745098,6.56862745098,
41,21.4705882353,14.4117647059,21.8627450980,21.4705882353,25.0,20.6862745098,21.4705882353,21.4705882353,
42,6.86274509804,8.52941176471,6.86274509804,6.86274509804,7.45098039216,19.5098039216,6.86274509804,8.43137254902,
43,5.49019607843,5.49019607843,5.49019607843,5.49019607843,2.35294117647,2.35294117647,5.49019607843,4.31372549020,
44,22.4509803922,9.50980392157,22.0588235294,22.0588235294,22.0588235294,22.2549019608,22.0588235294,9.50980392157,
45,22.4509803922,22.4509803922,24.0196078431,22.4509803922,22.4509803922,22.4509803922,22.4509803922,22.4509803922,
46,7.94117647059,7.94117647059,7.94117647059,8.72549019608,7.94117647059,7.94117647059,8.52941176471,20.4901960784,
47,6.96078431373,6.96078431373,10.0980392157,6.96078431373,9.90196078431,6.47058823529,19.5098039216,12.8431372549,
48,14.6078431373,2.05882352941,2.84313725490,14.6078431373,5.19607843137,4.80392156863,1.66666666667,2.25490196078,
49,6.96078431373,6.96078431373,6.56862745098,6.96078431373,6.96078431373,6.96078431373,0.588235294118,6.96078431373,
50,13.0392156863,13.0392156863,12.6470588235,13.0392156863,13.0392156863,19.3137254902,13.7254901961,13.0392156863,
51,19.9019607843,19.1176470588,19.9019607843,19.1176470588,12.8431372549,19.1176470588,24.6078431373,19.1176470588,
52,7.25490196078,7.25490196078,0.980392156863,7.25490196078,7.25490196078,7.25490196078,7.25490196078,7.35294117647,
53,12.7450980392,13.3333333333,19.6078431373,12.5490196078,13.3333333333,13.4313725490,14.9019607843,13.3333333333,
54,14.6078431373,17.7450980392,17.7450980392,15.3921568627,17.6470588235,17.3529411765,16.3725490196,16.1764705882,
55,3.13725490196,3.52941176471,9.41176470588,3.13725490196,16.0784313725,3.92156862745,3.13725490196,0.0,
56,6.17647058824,5.0,18.7254901961,6.17647058824,2.25490196078,5.78431372549,6.17647058824,6.17647058824,
57,24.8039215686,24.7058823529,24.7058823529,24.3137254902,15.2941176471,21.5686274510,24.7058823529,24.8039215686,
58,5.19607843137,9.80392156863,3.52941176471,3.52941176471,9.80392156863,5.09803921569,3.52941176471,4.90196078431,
59,6.17647058824,1.47058823529,4.60784313725,1.47058823529,4.60784313725,1.47058823529,1.47058823529,14.0196078431,
60,12.0588235294,11.2745098039,11.2745098039,11.2745098039,11.2745098039,11.0784313725,11.6666666667,8.13725490196,
61,3.52941176471,0.392156862745,0.392156862745,4.31372549020,5.09803921569,3.52941176471,3.52941176471,18.4313725490,
62,6.66666666667,7.54901960784,19.3137254902,7.54901960784,6.76470588235,6.76470588235,6.96078431373,6.76470588235,
63,2.25490196078,0.490196078431,1.27450980392,0.490196078431,6.76470588235,6.96078431373,0.490196078431,7.54901960784,
64,16.3725490196,18.3333333333,17.9411764706,6.07843137255,17.1568627451,16.7647058824,17.1568627451,17.0588235294,
65,15.2941176471,15.2941176471,15.2941176471,14.5098039216,18.4313725490,15.2941176471,12.9411764706,15.2941176471,
66,21.7647058824,21.7647058824,21.7647058824,15.2941176471,9.21568627451,21.8627450980,21.7647058824,21.7647058824,
67,5.39215686275,16.3725490196,24.2156862745,24.2156862745,17.9411764706,2.25490196078,17.9411764706,17.7450980392,
68,5.19607843137,5.19607843137,5.39215686275,5.19607843137,5.19607843137,5.19607843137,5.19607843137,5.58823529412,
69,1.76470588235,17.4509803922,14.3137254902,14.3137254902,14.9019607843,14.3137254902,15.0980392157,14.3137254902,
70,0.588235294118,2.15686274510,2.15686274510,2.15686274510,2.15686274510,5.29411764706,2.15686274510,1.96078431373,
71,22.9411764706,23.3333333333,23.1372549020,23.3333333333,10.7843137255,23.3333333333,23.3333333333,23.3333333333,
72,11.8627450980,8.72549019608,8.72549019608,21.1764705882,8.72549019608,11.8627450980,8.72549019608,8.72549019608,
73,21.5686274510,21.1764705882,21.5686274510,21.1764705882,21.6666666667,21.5686274510,21.5686274510,21.5686274510,
74,17.4509803922,17.4509803922,17.5490196078,17.4509803922,17.4509803922,17.4509803922,14.4117647059,17.4509803922,
75,17.2549019608,23.5294117647,17.2549019608,15.6862745098,17.2549019608,18.0392156863,17.7450980392,17.2549019608,
76,11.2745098039,11.5686274510,8.23529411765,11.1764705882,6.47058823529,11.1764705882,3.33333333333,23.7254901961,
77,21.0784313725,21.0784313725,21.0784313725,21.0784313725,21.0784313725,21.0784313725,21.0784313725,14.8039215686,
78,14.7058823529,22.5490196078,13.1372549020,3.33333333333,16.2745098039,17.8431372549,16.3725490196,16.2745098039,
79,19.0196078431,19.4117647059,19.4117647059,13.1372549020,19.4117647059,20.5882352941,13.9215686275,20.1960784314,
80,22.3529411765,6.66666666667,6.66666666667,6.66666666667,6.66666666667,9.80392156863,6.66666666667,6.66666666667,
81,9.31372549020,6.17647058824,7.74509803922,2.64705882353,3.03921568627,2.25490196078,3.03921568627,3.03921568627,
82,10.2941176471,7.15686274510,10.2941176471,10.2941176471,11.8627450980,10.2941176471,7.15686274510,10.2941176471,
83,22.2549019608,24.6078431373,23.0392156863,22.2549019608,23.4313725490,23.4313725490,24.6078431373,23.0392156863,
84,24.1176470588,17.4509803922,17.4509803922,17.4509803922,17.2549019608,17.4509803922,17.4509803922,17.8431372549,
85,25.0,25.0,25.0,25.0,21.6666666667,12.4509803922,18.7254901961,25.0,
86,0.0,0.0,0.0,3.13725490196,3.13725490196,0.0,3.33333333333,6.66666666667,
87,8.72549019608,21.6666666667,19.7058823529,21.2745098039,21.2745098039,24.4117647059,21.2745098039,19.7058823529,
88,3.92156862745,3.92156862745,3.92156862745,0.196078431373,3.92156862745,10.1960784314,4.11764705882,3.92156862745,
89,0.588235294118,0.588235294118,0.588235294118,13.1372549020,0.588235294118,0.588235294118,13.1372549020,13.2352941176,
90,20.2941176471,20.2941176471,20.2941176471,20.2941176471,20.2941176471,19.1176470588,20.2941176471,19.5098039216,
91,11.2745098039,11.2745098039,8.13725490196,11.2745098039,11.2745098039,24.1176470588,11.2745098039,11.2745098039,
92,19.0196078431,19.0196078431,19.1176470588,19.0196078431,19.0196078431,19.0196078431,19.0196078431,12.7450980392,
93,11.5686274510,11.5686274510,11.5686274510,12.3529411765,5.29411764706,11.5686274510,11.5686274510,11.5686274510,
94,6.96078431373,6.96078431373,6.76470588235,6.96078431373,6.96078431373,6.86274509804,6.96078431373,8.52941176471,
95,23.5294117647,23.5294117647,23.5294117647,23.5294117647,23.5294117647,23.5294117647,22.7450980392,23.5294117647,
96,17.7450980392,23.8235294118,17.5490196078,17.7450980392,16.1764705882,17.9411764706,23.9215686275,17.7450980392,
97,11.0784313725,11.4705882353,9.90196078431,11.3725490196,12.2549019608,11.0784313725,11.4705882353,11.4705882353,
98,5.68627450980,5.58823529412,4.21568627451,5.58823529412,2.64705882353,6.07843137255,5.78431372549,5.0,
99,23.6274509804,23.8235294118,23.8235294118,23.8235294118,24.2156862745,23.8235294118,22.2549019608,23.7254901961,
100,24.6078431373,18.9215686275,23.3333333333,23.3333333333,23.1372549020,23.3333333333,23.1372549020,17.0588235294,
101,20.1960784314,21.1764705882,21.3725490196,21.3725490196,8.82352941176,24.5098039216,20.5882352941,21.3725490196,
102,11.4705882353,6.96078431373,6.96078431373,6.96078431373,0.686274509804,6.96078431373,6.96078431373,7.74509803922,
103,18.7254901961,12.4509803922,18.7254901961,18.3333333333,18.5294117647,6.17647058824,17.1568627451,18.7254901961,
104,11.4705882353,12.2549019608,12.2549019608,11.8627450980,12.2549019608,12.2549019608,5.98039215686,12.2549019608,
105,9.01960784314,9.11764705882,9.11764705882,9.11764705882,9.11764705882,2.74509803922,9.11764705882,9.11764705882,
106,14.1176470588,14.1176470588,12.5490196078,14.5098039216,12.5490196078,14.5098039216,14.1176470588,4.70588235294,
107,9.70588235294,8.13725490196,9.50980392157,3.43137254902,9.60784313725,10.4901960784,9.50980392157,3.43137254902,
108,21.7647058824,20.9803921569,20.9803921569,20.9803921569,8.43137254902,20.9803921569,21.7647058824,20.5882352941,
109,0.588235294118,0.686274509804,0.490196078431,0.686274509804,6.86274509804,1.47058823529,6.96078431373,0.686274509804,
110,18.0392156863,18.1372549020,18.3333333333,18.1372549020,18.1372549020,18.1372549020,18.5294117647,18.5294117647,
111,18.3333333333,15.0,5.58823529412,17.3529411765,19.7058823529,18.1372549020,18.1372549020,18.1372549020,
112,21.8627450980,21.8627450980,21.2745098039,21.6666666667,15.5882352941,21.8627450980,21.6666666667,21.4705882353,
113,24.0196078431,24.0196078431,24.0196078431,24.0196078431,24.0196078431,22.3529411765,24.0196078431,23.6274509804,
114,3.92156862745,4.01960784314,0.882352941176,16.5686274510,4.01960784314,1.07843137255,0.882352941176,4.01960784314,
115,22.3529411765,16.1764705882,9.90196078431,16.1764705882,22.4509803922,22.0588235294,22.4509803922,22.4509803922,
116,16.4705882353,22.1568627451,16.6666666667,24.5098039216,3.92156862745,22.9411764706,23.0392156863,22.7450980392,
117,12.6470588235,12.8431372549,12.8431372549,12.8431372549,12.8431372549,12.8431372549,12.8431372549,14.4117647059,
118,0.588235294118,6.86274509804,21.7647058824,10.0,6.47058823529,0.196078431373,6.86274509804,6.86274509804,
119,9.50980392157,3.23529411765,3.23529411765,3.23529411765,3.23529411765,4.01960784314,9.50980392157,3.23529411765,
120,14.1176470588,20.5882352941,12.7450980392,14.4117647059,14.3137254902,14.3137254902,21.1764705882,14.3137254902,
121,11.6666666667,5.39215686275,5.39215686275,5.39215686275,5.0,5.39215686275,5.39215686275,3.82352941176,
122,19.2156862745,20.8823529412,20.7843137255,8.23529411765,19.2156862745,20.7843137255,20.7843137255,20.7843137255,
123,16.5686274510,15.9803921569,15.7843137255,15.7843137255,16.5686274510,15.7843137255,15.7843137255,15.7843137255,
124,11.0784313725,5.0,11.0784313725,11.0784313725,11.0784313725,4.80392156863,11.0784313725,11.2745098039,
125,22.4509803922,19.5098039216,16.3725490196,24.0196078431,23.2352941176,22.2549019608,22.4509803922,22.4509803922,
126,7.35294117647,7.35294117647,7.35294117647,0.882352941176,19.9019607843,7.35294117647,7.35294117647,6.56862745098,
127,10.8823529412,22.3529411765,22.5490196078,22.5490196078,10.0,22.5490196078,22.5490196078,22.5490196078,
128,17.4509803922,17.4509803922,18.2352941176,23.7254901961,15.8823529412,17.4509803922,17.4509803922,4.90196078431,
129,6.37254901961,7.54901960784,0.0980392156863,6.76470588235,6.76470588235,8.52941176471,6.76470588235,6.96078431373,
130,18.2352941176,15.0980392157,18.2352941176,18.2352941176,18.2352941176,18.2352941176,18.3333333333,16.6666666667,
131,20.3921568627,23.6274509804,7.84313725490,20.3921568627,20.3921568627,20.3921568627,20.3921568627,20.3921568627,
132,0.686274509804,6.47058823529,19.5098039216,8.52941176471,6.76470588235,6.56862745098,6.56862745098,6.56862745098,
133,19.1176470588,19.1176470588,22.2549019608,19.1176470588,19.5098039216,19.1176470588,19.1176470588,19.1176470588,
134,15.6862745098,22.0588235294,15.7843137255,15.7843137255,15.7843137255,22.8431372549,16.1764705882,15.7843137255,
135,17.1568627451,15.5882352941,16.7647058824,17.1568627451,17.1568627451,17.1568627451,17.1568627451,16.7647058824,
136,17.8431372549,17.8431372549,17.8431372549,17.8431372549,24.1176470588,16.2745098039,17.5490196078,17.4509803922,
137,6.37254901961,9.50980392157,22.0588235294,22.0588235294,22.0588235294,22.0588235294,22.8431372549,22.0588235294,
138,16.8627450980,4.31372549020,1.17647058824,16.8627450980,4.31372549020,3.52941176471,12.1568627451,4.31372549020,
139,17.2549019608,17.3529411765,4.70588235294,17.2549019608,17.2549019608,17.6470588235,14.2156862745,14.1176470588,
140,7.94117647059,11.0784313725,8.33333333333,11.0784313725,11.0784313725,10.9803921569,11.4705882353,9.50980392157,
141,14.7058823529,14.7058823529,17.8431372549,14.7058823529,20.9803921569,14.7058823529,14.7058823529,17.6470588235,
142,5.29411764706,3.72549019608,18.6274509804,5.88235294118,17.4509803922,17.8431372549,17.8431372549,17.8431372549,
143,2.25490196078,2.25490196078,2.25490196078,14.8039215686,2.25490196078,0.686274509804,2.25490196078,14.8039215686,
144,21.6666666667,21.0784313725,21.0784313725,20.8823529412,21.0784313725,21.0784313725,21.0784313725,21.0784313725,
145,11.0784313725,9.50980392157,20.4901960784,7.84313725490,10.9803921569,10.2941176471,11.0784313725,11.1764705882,
146,16.6666666667,16.6666666667,16.6666666667,16.6666666667,16.6666666667,16.6666666667,16.6666666667,17.0588235294,
147,8.52941176471,2.05882352941,8.33333333333,8.52941176471,8.52941176471,8.33333333333,8.43137254902,8.52941176471,
148,8.92156862745,8.92156862745,8.92156862745,8.92156862745,2.64705882353,8.82352941176,8.92156862745,7.35294117647,
149,9.60784313725,9.60784313725,9.60784313725,9.60784313725,9.60784313725,11.1764705882,9.60784313725,9.60784313725,
150,12.1568627451,5.49019607843,5.88235294118,12.1568627451,11.3725490196,12.1568627451,21.5686274510,10.5882352941,
151,17.8431372549,8.43137254902,20.9803921569,20.9803921569,7.84313725490,8.43137254902,2.15686274510,8.43137254902,
152,19.5098039216,23.8235294118,19.1176470588,19.1176470588,22.2549019608,19.1176470588,0.294117647059,13.2352941176,
153,0.0980392156863,18.9215686275,12.6470588235,13.4313725490,15.7843137255,18.9215686275,0.0980392156863,12.6470588235,
154,5.68627450980,1.76470588235,1.76470588235,15.0980392157,1.76470588235,1.76470588235,4.90196078431,1.76470588235,
155,13.1372549020,12.5490196078,12.7450980392,12.7450980392,12.7450980392,19.0196078431,12.7450980392,12.7450980392,
156,19.4117647059,7.64705882353,20.9803921569,19.4117647059,19.0196078431,19.4117647059,6.66666666667,19.4117647059,
157,5.0,5.39215686275,2.25490196078,5.39215686275,2.25490196078,5.39215686275,2.25490196078,11.6666666667,
158,0.490196078431,0.490196078431,0.490196078431,0.392156862745,0.392156862745,0.490196078431,0.490196078431,0.490196078431,
159,4.01960784314,16.5686274510,4.41176470588,4.01960784314,3.13725490196,4.01960784314,0.882352941176,5.58823529412,
160,8.23529411765,8.33333333333,8.23529411765,8.23529411765,8.43137254902,7.45098039216,6.76470588235,8.23529411765,
161,13.2352941176,13.6274509804,13.6274509804,13.3333333333,0.882352941176,15.1960784314,13.6274509804,1.07843137255,
162,0.588235294118,19.0196078431,19.4117647059,12.7450980392,13.1372549020,13.9215686275,13.1372549020,12.9411764706,
163,12.0588235294,12.0588235294,12.0588235294,8.92156862745,24.6078431373,10.8823529412,5.78431372549,12.0588235294,
164,10.1960784314,10.2941176471,10.1960784314,3.92156862745,10.1960784314,7.05882352941,9.50980392157,3.92156862745,
165,20.6862745098,14.4117647059,21.4705882353,8.13725490196,20.8823529412,20.6862745098,7.94117647059,20.4901960784,
166,4.90196078431,1.76470588235,1.76470588235,2.15686274510,1.96078431373,11.1764705882,1.56862745098,1.76470588235,
167,22.8431372549,22.8431372549,22.8431372549,22.8431372549,24.4117647059,22.8431372549,23.0392156863,21.2745098039,
168,11.0784313725,11.0784313725,11.0784313725,11.2745098039,11.0784313725,11.0784313725,10.9803921569,11.0784313725,
169,1.56862745098,1.76470588235,1.56862745098,1.96078431373,1.56862745098,1.56862745098,1.56862745098,1.56862745098,
170,18.6274509804,18.6274509804,18.7254901961,18.6274509804,18.6274509804,18.6274509804,5.29411764706,18.2352941176,
171,11.4705882353,8.23529411765,11.0784313725,11.4705882353,11.4705882353,11.4705882353,6.76470588235,11.4705882353,
172,9.70588235294,19.1176470588,19.1176470588,12.8431372549,19.1176470588,19.1176470588,12.8431372549,20.6862745098,
173,8.43137254902,8.43137254902,8.43137254902,8.43137254902,8.43137254902,8.23529411765,20.9803921569,11.6666666667,
174,22.5490196078,22.5490196078,22.6470588235,22.5490196078,24.1176470588,22.5490196078,22.5490196078,22.5490196078,
175,3.82352941176,4.80392156863,5.19607843137,5.09803921569,11.4705882353,5.19607843137,5.19607843137,5.19607843137,
176,1.96078431373,1.66666666667,15.6862745098,17.2549019608,1.96078431373,14.1176470588,1.56862745098,1.56862745098,
177,9.80392156863,3.52941176471,9.80392156863,11.4705882353,9.41176470588,3.52941176471,9.41176470588,4.50980392157,
178,8.43137254902,8.43137254902,6.66666666667,8.43137254902,8.43137254902,8.43137254902,14.8039215686,8.52941176471,
179,4.80392156863,9.50980392157,11.0784313725,11.0784313725,11.0784313725,11.0784313725,1.56862745098,23.6274509804,
180,12.7450980392,21.3725490196,20.5882352941,20.5882352941,20.5882352941,20.3921568627,20.5882352941,20.5882352941,
181,3.43137254902,4.80392156863,5.58823529412,11.0784313725,5.58823529412,17.3529411765,4.80392156863,4.80392156863,
182,9.50980392157,9.50980392157,9.50980392157,9.50980392157,9.50980392157,9.90196078431,9.50980392157,9.50980392157,
183,4.60784313725,6.17647058824,6.17647058824,6.17647058824,18.7254901961,6.17647058824,6.17647058824,6.17647058824,
184,24.1176470588,24.1176470588,24.1176470588,23.9215686275,24.1176470588,24.1176470588,24.1176470588,11.5686274510,
185,1.17647058824,13.7254901961,1.17647058824,1.17647058824,1.17647058824,2.74509803922,1.27450980392,13.7254901961,
186,8.13725490196,8.13725490196,8.13725490196,8.13725490196,8.13725490196,7.35294117647,8.13725490196,8.92156862745,
187,5.0,5.78431372549,5.78431372549,5.0,2.64705882353,5.0,5.0,5.0,
188,11.6666666667,11.6666666667,23.4313725490,5.39215686275,5.19607843137,10.0,8.52941176471,11.6666666667,
189,24.3137254902,24.3137254902,24.3137254902,24.3137254902,22.7450980392,24.3137254902,21.1764705882,24.3137254902,
190,7.25490196078,7.64705882353,7.25490196078,19.8039215686,6.47058823529,7.25490196078,9.21568627451,0.980392156863,
191,20.3921568627,9.70588235294,13.3333333333,4.31372549020,0.294117647059,12.3529411765,22.2549019608,24.3137254902,
192,6.56862745098,0.294117647059,1.27450980392,24.9019607843,4.11764705882,9.21568627451,4.31372549020,14.1176470588,
193,15.8823529412,23.7254901961,24.5098039216,5.78431372549,20.4901960784,20.0980392157,1.47058823529,16.1764705882,
194,8.52941176471,11.3725490196,24.4117647059,8.33333333333,14.9019607843,4.60784313725,16.6666666667,5.88235294118,
195,22.4509803922,3.03921568627,2.54901960784,20.0980392157,14.9019607843,14.9019607843,5.78431372549,24.9019607843,
196,0.686274509804,10.0980392157,10.1960784314,12.5490196078,0.490196078431,9.01960784314,12.2549019608,21.8627450980,
197,22.0588235294,12.9411764706,7.25490196078,6.17647058824,9.70588235294,1.47058823529,7.15686274510,7.05882352941,
198,11.2745098039,15.4901960784,9.01960784314,22.4509803922,6.86274509804,1.07843137255,5.88235294118,13.9215686275,
199,11.0784313725,20.0,13.7254901961,22.8431372549,13.7254901961,6.56862745098,12.9411764706,3.72549019608,

Population fitness value 
0,0
1,0
2,0
3,0
4,0
5,0
6,0
7,0
8,0
9,0
10,0
11,0
12,0
13,0
14,0
15,0
16,0
17,0
18,0
19,0
20,0
21,0
22,0
23,0
24,0
25,0
26,0
27,0
28,0
29,0
30,0
31,0
32,0
33,0
34,0
35,0
36,0
37,0
38,0
39,0
40,0
41,0
42,0
43,0
44,0
45,0
46,0
47,0
48,0
49,0
50,0
51,0
52,0
53,0
54,0
55,0
56,0
57,0
58,0
59,0
60,0
61,0
62,0
63,0
64,0
65,0
66,0
67,0
68,0
69,0
70,0
71,0
72,0
73,0
74,0
75,0
76,0
77,0
78,0
79,0
80,0
81,0
82,0
83,0
84,0
85,0
86,0
87,0
88,0
89,0
90,0
91,0
92,0
93,0
94,0
95,0
96,0
97,0
98,0
99,0
100,0
101,0
102,0
103,0
104,0
105,0
106,0
107,0
108,0
109,0
110,0
111,0
112,0
113,0
114,0
115,0
116,0
117,0
118,0
119,0
120,0
121,0
122,0
123,0
124,0
125,0
126,0
127,0
128,0
129,0
130,0
131,0
132,0
133,0
134,0
135,0
136,0
137,0
138,0
139,0
140,0
141,0
142,0
143,0
144,0
145,0
146,0
147,0
148,0
149,0
150,0
151,0
152,0
153,0
154,0
155,0
156,0
157,0
158,0
159,0
160,0
161,0
162,0
163,0
164,0
165,0
166,0
167,0
168,0
169,0
170,0
171,0
172,0
173,0
174,0
175,0
176,0
177,0
178,0
179,0
180,0
181,0
182,0
183,0
184,0
185,0
186,0
187,0
188,0
189,0
190,0
191,0
192,0
193,0
194,0
195,0
196,0
197,0
198,0
199,0


