Generation 
36

Number of individuals per generation
200

Population scaled variables 
0,7.25490196078,7.64705882353,7.25490196078,19.8039215686,6.47058823529,7.25490196078,9.21568627451,0.980392156863,
1,18.2352941176,4.11764705882,18.2352941176,15.0980392157,17.4509803922,24.5098039216,17.4509803922,18.2352941176,
2,23.8235294118,17.5490196078,23.8235294118,23.8235294118,24.6078431373,17.5490196078,23.8235294118,23.8235294118,
3,15.6862745098,17.2549019608,17.2549019608,23.5294117647,23.5294117647,23.5294117647,23.5294117647,23.5294117647,
4,8.43137254902,9.21568627451,8.43137254902,9.21568627451,8.43137254902,2.94117647059,9.31372549020,9.21568627451,
5,5.39215686275,12.4509803922,11.6666666667,11.6666666667,8.52941176471,12.4509803922,11.5686274510,11.6666666667,
6,2.05882352941,2.05882352941,2.05882352941,2.05882352941,2.05882352941,2.74509803922,2.05882352941,14.8039215686,
7,2.15686274510,21.7647058824,15.5882352941,15.4901960784,15.4901960784,15.0980392157,15.4901960784,15.4901960784,
8,22.4509803922,22.4509803922,22.4509803922,9.90196078431,22.4509803922,22.4509803922,23.4313725490,16.1764705882,
9,15.8823529412,15.8823529412,15.8823529412,15.9803921569,15.8823529412,15.8823529412,15.8823529412,15.8823529412,
10,10.2941176471,10.2941176471,16.5686274510,4.01960784314,22.8431372549,10.2941176471,10.2941176471,7.15686274510,
11,17.1568627451,4.21568627451,18.7254901961,22.6470588235,16.7647058824,17.1568627451,15.9803921569,4.60784313725,
12,1.76470588235,1.76470588235,8.03921568627,1.76470588235,1.76470588235,1.76470588235,1.86274509804,1.76470588235,
13,21.0784313725,8.52941176471,14.8039215686,21.0784313725,21.0784313725,21.0784313725,21.0784313725,21.0784313725,
14,23.3333333333,22.5490196078,22.5490196078,22.1568627451,24.1176470588,22.5490196078,22.5490196078,22.5490196078,
15,12.2549019608,8.72549019608,11.8627450980,24.4117647059,12.0588235294,11.8627450980,11.8627450980,12.0588235294,
16,13.1372549020,12.7450980392,12.9411764706,13.1372549020,13.1372549020,13.1372549020,13.1372549020,15.8823529412,
17,6.86274509804,8.23529411765,8.43137254902,12.3529411765,9.90196078431,8.43137254902,8.23529411765,11.5686274510,
18,20.3921568627,20.4901960784,23.6274509804,20.6862745098,18.9215686275,21.2745098039,22.0588235294,20.4901960784,
19,8.13725490196,8.13725490196,20.6862745098,8.13725490196,1.86274509804,21.4705882353,11.1764705882,8.13725490196,
20,10.1960784314,10.1960784314,11.7647058824,3.92156862745,10.1960784314,8.62745098039,10.4901960784,10.1960784314,
21,20.5882352941,8.03921568627,8.03921568627,8.03921568627,8.03921568627,8.03921568627,8.03921568627,20.9803921569,
22,4.01960784314,4.01960784314,4.01960784314,0.882352941176,3.23529411765,5.58823529412,11.8627450980,4.01960784314,
23,15.4901960784,15.0980392157,15.0980392157,13.5294117647,15.0980392157,14.3137254902,15.0980392157,15.0980392157,
24,11.0784313725,4.80392156863,11.0784313725,11.0784313725,11.8627450980,11.6666666667,11.4705882353,11.0784313725,
25,11.5686274510,11.5686274510,24.1176470588,11.6666666667,11.5686274510,11.5686274510,11.3725490196,11.5686274510,
26,20.8823529412,23.9215686275,20.7843137255,20.9803921569,20.7843137255,20.7843137255,20.7843137255,19.2156862745,
27,6.76470588235,6.76470588235,6.76470588235,6.76470588235,6.76470588235,6.76470588235,6.76470588235,6.76470588235,
28,4.01960784314,0.78431372549,3.13725490196,4.11764705882,6.27450980392,5.68627450980,10.3921568627,3.92156862745,
29,15.7843137255,15.7843137255,17.5490196078,15.9803921569,15.7843137255,15.7843137255,15.7843137255,15.9803921569,
30,11.2745098039,11.2745098039,11.2745098039,11.2745098039,8.13725490196,5.0,25.0,11.2745098039,
31,19.9019607843,19.9019607843,22.0588235294,16.5686274510,23.0392156863,22.8431372549,23.0392156863,23.0392156863,
32,19.1176470588,0.588235294118,6.47058823529,19.0196078431,19.1176470588,19.0196078431,19.0196078431,19.0196078431,
33,18.7254901961,18.7254901961,18.7254901961,18.7254901961,18.7254901961,23.4313725490,18.6274509804,6.17647058824,
34,21.3725490196,21.8627450980,21.7647058824,15.4901960784,21.7647058824,21.7647058824,21.7647058824,21.7647058824,
35,6.17647058824,6.17647058824,1.27450980392,12.4509803922,6.17647058824,6.17647058824,12.4509803922,6.17647058824,
36,18.1372549020,18.1372549020,18.1372549020,15.0,18.5294117647,18.1372549020,18.1372549020,18.3333333333,
37,17.4509803922,14.3137254902,17.4509803922,4.90196078431,17.8431372549,1.76470588235,17.4509803922,18.2352941176,
38,20.0980392157,19.5098039216,20.0980392157,20.0980392157,20.2941176471,20.0980392157,20.0980392157,19.7058823529,
39,6.56862745098,19.1176470588,20.0980392157,19.1176470588,18.9215686275,19.0196078431,20.6862745098,22.2549019608,
40,0.588235294118,8.43137254902,2.94117647059,2.15686274510,2.15686274510,0.588235294118,2.15686274510,6.86274509804,
41,1.76470588235,14.3137254902,17.4509803922,14.3137254902,20.5882352941,14.3137254902,14.3137254902,14.1176470588,
42,11.2745098039,11.1764705882,5.0,9.70588235294,9.70588235294,11.2745098039,11.2745098039,1.86274509804,
43,14.0196078431,13.2352941176,13.2352941176,13.0392156863,13.2352941176,14.0196078431,13.2352941176,13.2352941176,
44,8.72549019608,8.72549019608,8.72549019608,8.72549019608,8.72549019608,11.8627450980,8.62745098039,8.72549019608,
45,11.6666666667,11.6666666667,11.6666666667,10.0980392157,11.6666666667,10.0980392157,11.2745098039,11.6666666667,
46,17.7450980392,15.3921568627,2.05882352941,14.6078431373,15.3921568627,13.0392156863,14.6078431373,14.6078431373,
47,11.2745098039,7.94117647059,11.2745098039,11.2745098039,11.2745098039,23.8235294118,11.2745098039,5.0,
48,17.4509803922,17.2549019608,17.4509803922,17.4509803922,17.5490196078,17.4509803922,11.2745098039,18.2352941176,
49,3.62745098039,5.19607843137,5.19607843137,0.490196078431,16.3725490196,3.62745098039,16.1764705882,3.62745098039,
50,8.43137254902,20.9803921569,24.1176470588,20.9803921569,19.4117647059,19.4117647059,24.1176470588,20.9803921569,
51,3.52941176471,0.490196078431,0.490196078431,6.76470588235,2.05882352941,0.0980392156863,1.27450980392,0.490196078431,
52,11.4705882353,3.62745098039,9.90196078431,9.70588235294,9.90196078431,9.80392156863,9.90196078431,9.90196078431,
53,21.6666666667,21.6666666667,24.8039215686,24.8039215686,24.8039215686,12.2549019608,24.8039215686,25.0,
54,6.66666666667,0.490196078431,0.0,12.9411764706,12.9411764706,19.2156862745,12.9411764706,19.2156862745,
55,17.1568627451,17.1568627451,16.3725490196,17.1568627451,17.1568627451,17.1568627451,17.0588235294,17.1568627451,
56,12.3529411765,9.21568627451,7.64705882353,8.43137254902,2.94117647059,21.8627450980,3.03921568627,9.01960784314,
57,17.2549019608,24.3137254902,16.9607843137,24.3137254902,18.0392156863,13.3333333333,18.0392156863,18.2352941176,
58,25.0,25.0,12.4509803922,24.2156862745,18.6274509804,25.0,24.8039215686,24.8039215686,
59,21.4705882353,21.4705882353,21.4705882353,21.4705882353,21.4705882353,20.2941176471,21.4705882353,15.0,
60,15.7843137255,15.6862745098,15.7843137255,15.7843137255,15.7843137255,3.23529411765,3.23529411765,15.7843137255,
61,16.2745098039,16.2745098039,16.2745098039,16.3725490196,16.2745098039,22.5490196078,16.0784313725,22.5490196078,
62,5.19607843137,3.62745098039,5.09803921569,5.19607843137,5.19607843137,17.7450980392,5.19607843137,5.19607843137,
63,20.2941176471,20.2941176471,20.2941176471,19.5098039216,20.2941176471,20.2941176471,20.2941176471,23.4313725490,
64,11.2745098039,11.2745098039,11.1764705882,23.8235294118,8.13725490196,11.2745098039,11.2745098039,11.2745098039,
65,11.1764705882,4.90196078431,4.90196078431,4.90196078431,4.90196078431,17.4509803922,4.70588235294,4.90196078431,
66,11.4705882353,24.2156862745,11.2745098039,11.6666666667,8.52941176471,8.52941176471,11.2745098039,7.94117647059,
67,19.4117647059,21.7647058824,20.9803921569,21.7647058824,20.9803921569,19.4117647059,14.7058823529,19.0196078431,
68,19.4117647059,19.4117647059,21.7647058824,12.9411764706,7.64705882353,19.4117647059,19.2156862745,13.2352941176,
69,6.96078431373,1.27450980392,0.490196078431,0.490196078431,0.490196078431,0.490196078431,13.8235294118,0.490196078431,
70,24.3137254902,23.7254901961,23.5294117647,24.1176470588,23.7254901961,23.7254901961,24.5098039216,23.7254901961,
71,9.80392156863,6.66666666667,22.3529411765,10.0,11.3725490196,9.80392156863,9.80392156863,10.5882352941,
72,22.8431372549,22.7450980392,22.8431372549,10.2941176471,10.2941176471,16.5686274510,22.8431372549,23.2352941176,
73,3.03921568627,9.31372549020,2.94117647059,15.1960784314,3.03921568627,3.03921568627,1.47058823529,2.84313725490,
74,1.56862745098,1.56862745098,1.56862745098,1.56862745098,1.56862745098,20.5882352941,1.56862745098,14.1176470588,
75,3.52941176471,3.52941176471,3.52941176471,3.52941176471,5.09803921569,0.588235294118,3.52941176471,3.52941176471,
76,12.6470588235,12.6470588235,18.9215686275,12.6470588235,12.6470588235,12.6470588235,12.6470588235,15.6862745098,
77,12.0588235294,12.0588235294,8.92156862745,5.78431372549,12.0588235294,11.2745098039,12.0588235294,12.0588235294,
78,20.6862745098,11.2745098039,11.0784313725,11.2745098039,7.94117647059,9.70588235294,11.2745098039,12.0588235294,
79,19.1176470588,19.1176470588,18.9215686275,19.5098039216,19.0196078431,19.1176470588,6.56862745098,20.2941176471,
80,10.9803921569,10.9803921569,11.1764705882,10.9803921569,11.7647058824,10.9803921569,10.9803921569,10.9803921569,
81,9.11764705882,2.84313725490,2.05882352941,2.05882352941,2.84313725490,2.84313725490,2.74509803922,2.84313725490,
82,7.94117647059,8.13725490196,8.03921568627,11.2745098039,1.86274509804,8.13725490196,8.13725490196,8.13725490196,
83,8.13725490196,0.294117647059,6.96078431373,6.56862745098,6.56862745098,19.1176470588,6.47058823529,6.56862745098,
84,1.37254901961,1.37254901961,4.50980392157,0.980392156863,1.37254901961,7.64705882353,1.37254901961,1.17647058824,
85,6.17647058824,6.17647058824,5.39215686275,6.17647058824,5.88235294118,4.60784313725,6.17647058824,18.7254901961,
86,5.19607843137,5.09803921569,5.09803921569,18.4313725490,5.09803921569,5.29411764706,4.70588235294,5.39215686275,
87,19.3137254902,22.0588235294,22.0588235294,20.4901960784,22.0588235294,21.9607843137,22.0588235294,22.0588235294,
88,22.5490196078,22.5490196078,22.6470588235,22.6470588235,10.0,22.1568627451,22.3529411765,22.5490196078,
89,17.9411764706,24.1176470588,16.3725490196,17.9411764706,17.7450980392,17.9411764706,18.5294117647,24.2156862745,
90,10.1960784314,22.8431372549,10.1960784314,22.7450980392,7.05882352941,15.6862745098,10.1960784314,10.2941176471,
91,2.05882352941,20.8823529412,14.6078431373,1.96078431373,2.25490196078,2.05882352941,2.25490196078,0.686274509804,
92,22.9411764706,10.1960784314,22.7450980392,22.7450980392,22.7450980392,22.7450980392,22.8431372549,22.0588235294,
93,2.05882352941,0.490196078431,0.490196078431,13.0392156863,0.490196078431,0.490196078431,2.25490196078,0.490196078431,
94,14.3137254902,14.3137254902,18.0392156863,4.70588235294,17.4509803922,17.4509803922,4.90196078431,23.7254901961,
95,16.2745098039,15.8823529412,15.8823529412,9.60784313725,12.7450980392,12.7450980392,15.8823529412,15.6862745098,
96,20.0980392157,7.54901960784,20.0980392157,20.0980392157,20.0980392157,20.0,20.0980392157,20.0980392157,
97,3.23529411765,3.33333333333,3.92156862745,22.0588235294,0.0980392156863,3.23529411765,4.80392156863,3.23529411765,
98,3.52941176471,9.80392156863,3.82352941176,3.13725490196,3.52941176471,3.52941176471,0.588235294118,3.52941176471,
99,23.5294117647,10.9803921569,23.9215686275,17.6470588235,22.3529411765,23.9215686275,23.9215686275,20.7843137255,
100,24.7058823529,12.1568627451,24.3137254902,24.8039215686,24.7058823529,21.6666666667,24.7058823529,24.7058823529,
101,21.5686274510,10.1960784314,24.3137254902,24.4117647059,18.0392156863,24.5098039216,18.2352941176,24.3137254902,
102,5.39215686275,11.5686274510,8.52941176471,11.6666666667,11.6666666667,11.6666666667,11.6666666667,11.6666666667,
103,12.8431372549,12.8431372549,6.96078431373,12.7450980392,13.2352941176,12.8431372549,12.8431372549,13.2352941176,
104,20.0,20.0,20.0,20.0,20.0980392157,20.0,20.0,20.0,
105,1.07843137255,1.07843137255,1.07843137255,7.74509803922,1.07843137255,4.21568627451,4.21568627451,13.6274509804,
106,7.35294117647,4.21568627451,4.01960784314,4.21568627451,4.21568627451,4.21568627451,4.21568627451,4.11764705882,
107,22.7450980392,16.6666666667,22.7450980392,22.7450980392,22.9411764706,19.6078431373,22.9411764706,22.9411764706,
108,22.0588235294,22.0588235294,18.9215686275,19.7058823529,22.0588235294,22.0588235294,22.0588235294,22.0588235294,
109,3.13725490196,15.6862745098,3.13725490196,15.6862745098,15.6862745098,15.6862745098,15.6862745098,15.7843137255,
110,15.0,18.1372549020,15.0,15.0,18.5294117647,15.0,15.0,21.2745098039,
111,9.70588235294,9.60784313725,11.2745098039,9.60784313725,9.60784313725,10.0,11.1764705882,9.60784313725,
112,16.3725490196,16.3725490196,19.5098039216,22.6470588235,22.6470588235,10.0980392157,24.2156862745,22.6470588235,
113,19.1176470588,12.8431372549,14.4117647059,12.8431372549,0.294117647059,12.8431372549,14.3137254902,12.7450980392,
114,12.1568627451,12.2549019608,12.2549019608,12.2549019608,10.5882352941,12.1568627451,6.17647058824,11.4705882353,
115,23.9215686275,11.3725490196,24.1176470588,23.9215686275,11.3725490196,22.3529411765,23.9215686275,23.9215686275,
116,20.5882352941,19.0196078431,20.9803921569,20.5882352941,8.43137254902,19.0196078431,20.5882352941,20.5882352941,
117,19.1176470588,19.0196078431,19.0196078431,19.1176470588,19.0196078431,7.35294117647,19.2156862745,19.0196078431,
118,12.0588235294,4.21568627451,12.0588235294,12.0588235294,12.0588235294,12.2549019608,12.0588235294,12.0588235294,
119,21.2745098039,21.2745098039,21.2745098039,15.0,24.3137254902,21.2745098039,24.4117647059,21.1764705882,
120,20.6862745098,21.4705882353,20.5882352941,20.6862745098,20.6862745098,20.6862745098,20.6862745098,21.0784313725,
121,11.0784313725,8.13725490196,23.6274509804,9.50980392157,11.0784313725,11.0784313725,11.0784313725,11.0784313725,
122,11.0784313725,11.0784313725,11.0784313725,11.0784313725,15.7843137255,11.0784313725,11.8627450980,11.0784313725,
123,13.3333333333,16.4705882353,19.8039215686,14.9019607843,13.4313725490,13.3333333333,13.3333333333,13.3333333333,
124,10.2941176471,10.2941176471,7.05882352941,7.15686274510,7.15686274510,7.15686274510,7.05882352941,7.15686274510,
125,5.58823529412,4.01960784314,4.01960784314,4.21568627451,4.01960784314,4.01960784314,4.01960784314,18.1372549020,
126,0.294117647059,3.43137254902,3.43137254902,3.82352941176,3.82352941176,3.43137254902,3.43137254902,5.0,
127,12.7450980392,20.5882352941,19.0196078431,0.980392156863,12.7450980392,19.0196078431,19.0196078431,19.8039215686,
128,19.4117647059,19.4117647059,19.3137254902,19.4117647059,6.86274509804,19.4117647059,13.1372549020,13.1372549020,
129,11.0784313725,9.50980392157,9.50980392157,9.90196078431,1.07843137255,3.23529411765,9.70588235294,9.41176470588,
130,20.7843137255,20.7843137255,20.7843137255,20.7843137255,19.2156862745,1.96078431373,20.7843137255,20.3921568627,
131,8.23529411765,1.96078431373,20.7843137255,1.96078431373,1.96078431373,1.96078431373,5.19607843137,0.392156862745,
132,10.9803921569,11.6666666667,3.82352941176,11.1764705882,1.76470588235,11.1764705882,23.5294117647,11.1764705882,
133,17.8431372549,14.8039215686,24.2156862745,24.1176470588,1.96078431373,24.1176470588,11.5686274510,24.1176470588,
134,18.6274509804,17.5490196078,17.4509803922,4.90196078431,17.4509803922,4.90196078431,4.90196078431,17.4509803922,
135,19.2156862745,6.27450980392,6.66666666667,7.45098039216,6.66666666667,19.2156862745,8.23529411765,0.392156862745,
136,6.96078431373,6.86274509804,6.96078431373,6.96078431373,6.96078431373,6.96078431373,6.96078431373,19.5098039216,
137,21.0784313725,9.31372549020,21.0784313725,19.0196078431,21.0784313725,21.0784313725,21.0784313725,21.0784313725,
138,23.3333333333,23.3333333333,23.1372549020,4.60784313725,22.9411764706,20.1960784314,10.7843137255,17.0588235294,
139,8.13725490196,8.52941176471,0.980392156863,1.86274509804,8.92156862745,8.92156862745,8.92156862745,8.92156862745,
140,0.490196078431,1.27450980392,1.27450980392,1.27450980392,7.54901960784,1.27450980392,1.27450980392,1.27450980392,
141,9.80392156863,9.80392156863,9.80392156863,9.80392156863,8.23529411765,11.3725490196,9.90196078431,6.66666666667,
142,23.3333333333,10.7843137255,23.4313725490,22.5490196078,23.0392156863,23.4313725490,23.3333333333,4.50980392157,
143,6.86274509804,10.0980392157,19.5098039216,0.686274509804,19.5098039216,10.0980392157,6.96078431373,6.96078431373,
144,3.92156862745,10.2941176471,7.05882352941,7.05882352941,10.1960784314,10.1960784314,10.1960784314,10.5882352941,
145,19.0196078431,22.6470588235,22.5490196078,22.5490196078,22.5490196078,22.5490196078,22.5490196078,23.3333333333,
146,9.50980392157,9.50980392157,9.50980392157,22.0588235294,9.90196078431,9.50980392157,9.50980392157,21.9607843137,
147,17.4509803922,17.4509803922,17.4509803922,17.4509803922,23.5294117647,18.2352941176,14.3137254902,17.4509803922,
148,14.7058823529,17.9411764706,12.8431372549,12.8431372549,17.3529411765,14.1176470588,14.4117647059,14.4117647059,
149,6.76470588235,8.33333333333,8.33333333333,6.86274509804,8.33333333333,9.11764705882,8.33333333333,21.6666666667,
150,1.56862745098,2.45098039216,1.66666666667,1.66666666667,0.0980392156863,4.80392156863,1.66666666667,1.66666666667,
151,0.0,0.0,0.0,0.0,3.13725490196,3.13725490196,6.27450980392,6.47058823529,
152,5.0,5.39215686275,5.78431372549,5.0,5.0,11.1764705882,5.09803921569,5.0,
153,8.92156862745,6.56862745098,6.56862745098,6.56862745098,19.5098039216,9.70588235294,0.294117647059,6.56862745098,
154,1.47058823529,0.686274509804,0.686274509804,1.47058823529,0.490196078431,1.47058823529,0.686274509804,3.43137254902,
155,15.2941176471,15.2941176471,15.2941176471,15.2941176471,15.4901960784,15.2941176471,15.2941176471,15.2941176471,
156,0.490196078431,0.686274509804,0.686274509804,0.686274509804,0.686274509804,0.686274509804,3.82352941176,0.686274509804,
157,6.96078431373,7.54901960784,10.8823529412,7.74509803922,7.74509803922,7.74509803922,7.74509803922,9.31372549020,
158,6.76470588235,8.33333333333,10.6862745098,6.76470588235,6.96078431373,22.6470588235,6.76470588235,6.37254901961,
159,17.9411764706,17.9411764706,17.9411764706,22.5490196078,17.9411764706,17.9411764706,17.9411764706,17.9411764706,
160,12.0588235294,11.9607843137,8.03921568627,12.3529411765,11.7647058824,11.9607843137,11.9607843137,8.82352941176,
161,5.49019607843,5.58823529412,2.45098039216,5.58823529412,5.58823529412,5.58823529412,11.8627450980,5.58823529412,
162,22.4509803922,22.6470588235,22.4509803922,16.1764705882,13.0392156863,16.1764705882,22.4509803922,22.4509803922,
163,23.0392156863,19.9019607843,22.8431372549,19.9019607843,22.1568627451,23.0392156863,23.0392156863,23.8235294118,
164,5.19607843137,17.7450980392,23.9215686275,24.8039215686,24.0196078431,24.0196078431,24.2156862745,22.4509803922,
165,24.0196078431,11.4705882353,11.4705882353,24.0196078431,23.6274509804,24.0196078431,23.6274509804,24.0196078431,
166,21.8627450980,21.8627450980,21.7647058824,3.03921568627,20.2941176471,21.8627450980,18.7254901961,21.8627450980,
167,10.0,10.0,16.2745098039,10.0,10.0,10.0,10.0,10.0,
168,12.6470588235,15.7843137255,13.0392156863,12.6470588235,18.9215686275,16.5686274510,12.6470588235,12.6470588235,
169,18.1372549020,18.1372549020,15.0,8.72549019608,15.1960784314,15.0,21.2745098039,18.3333333333,
170,3.23529411765,9.70588235294,9.70588235294,9.70588235294,9.50980392157,9.70588235294,10.0980392157,9.70588235294,
171,20.9803921569,20.9803921569,20.9803921569,24.1176470588,14.5098039216,2.15686274510,20.5882352941,8.43137254902,
172,4.80392156863,4.80392156863,1.66666666667,4.80392156863,15.9803921569,4.80392156863,1.66666666667,4.80392156863,
173,6.96078431373,6.96078431373,0.490196078431,6.96078431373,6.96078431373,3.82352941176,6.96078431373,10.0980392157,
174,19.1176470588,12.7450980392,0.196078431373,1.86274509804,15.8823529412,14.3137254902,12.7450980392,12.7450980392,
175,17.3529411765,14.6078431373,14.2156862745,17.3529411765,18.1372549020,17.3529411765,17.3529411765,17.3529411765,
176,16.6666666667,16.2745098039,15.8823529412,14.4117647059,15.6862745098,15.8823529412,15.8823529412,15.8823529412,
177,24.1176470588,23.9215686275,24.1176470588,24.1176470588,24.1176470588,24.2156862745,20.9803921569,24.1176470588,
178,17.8431372549,15.6862745098,15.8823529412,22.1568627451,23.7254901961,15.8823529412,15.8823529412,17.4509803922,
179,8.43137254902,2.74509803922,8.43137254902,8.43137254902,11.1764705882,11.5686274510,8.43137254902,8.43137254902,
180,1.17647058824,1.17647058824,1.17647058824,1.17647058824,4.41176470588,10.5882352941,1.17647058824,7.54901960784,
181,17.2549019608,14.1176470588,14.1176470588,17.2549019608,14.5098039216,18.4313725490,17.2549019608,17.2549019608,
182,4.31372549020,4.41176470588,4.41176470588,4.41176470588,4.41176470588,4.60784313725,4.41176470588,4.60784313725,
183,13.0392156863,13.1372549020,13.2352941176,0.686274509804,16.3725490196,13.2352941176,19.1176470588,13.1372549020,
184,2.25490196078,0.686274509804,3.82352941176,2.25490196078,2.84313725490,2.25490196078,21.0784313725,2.25490196078,
185,5.78431372549,4.11764705882,5.68627450980,4.90196078431,5.68627450980,5.49019607843,6.07843137255,6.17647058824,
186,11.2745098039,11.2745098039,5.0,11.2745098039,11.2745098039,11.2745098039,12.0588235294,11.2745098039,
187,14.3137254902,14.3137254902,14.3137254902,14.3137254902,14.3137254902,14.3137254902,14.3137254902,17.3529411765,
188,11.4705882353,11.4705882353,11.4705882353,11.4705882353,11.0784313725,5.19607843137,11.4705882353,9.90196078431,
189,2.35294117647,0.78431372549,15.6862745098,2.45098039216,2.35294117647,7.05882352941,2.35294117647,8.82352941176,
190,22.5490196078,22.5490196078,24.1176470588,16.8627450980,22.5490196078,10.0,22.5490196078,22.5490196078,
191,11.0784313725,20.0,13.7254901961,22.8431372549,13.7254901961,6.56862745098,12.9411764706,3.72549019608,
192,11.2745098039,15.4901960784,9.01960784314,22.4509803922,6.86274509804,1.07843137255,5.88235294118,13.9215686275,
193,22.0588235294,12.9411764706,7.25490196078,6.17647058824,9.70588235294,1.47058823529,7.15686274510,7.05882352941,
194,0.686274509804,10.0980392157,10.1960784314,12.5490196078,0.490196078431,9.01960784314,12.2549019608,21.8627450980,
195,22.4509803922,3.03921568627,2.54901960784,20.0980392157,14.9019607843,14.9019607843,5.78431372549,24.9019607843,
196,8.52941176471,11.3725490196,24.4117647059,8.33333333333,14.9019607843,4.60784313725,16.6666666667,5.88235294118,
197,15.8823529412,23.7254901961,24.5098039216,5.78431372549,20.4901960784,20.0980392157,1.47058823529,16.1764705882,
198,6.56862745098,0.294117647059,1.27450980392,24.9019607843,4.11764705882,9.21568627451,4.31372549020,14.1176470588,
199,20.3921568627,9.70588235294,13.3333333333,4.31372549020,0.294117647059,12.3529411765,22.2549019608,24.3137254902,

Population fitness value 
0,0
1,0
2,0
3,0
4,0
5,0
6,0
7,0
8,0
9,0
10,0
11,0
12,0
13,0
14,0
15,0
16,0
17,0
18,0
19,0
20,0
21,0
22,0
23,0
24,0
25,0
26,0
27,0
28,0
29,0
30,0
31,0
32,0
33,0
34,0
35,0
36,0
37,0
38,0
39,0
40,0
41,0
42,0
43,0
44,0
45,0
46,0
47,0
48,0
49,0
50,0
51,0
52,0
53,0
54,0
55,0
56,0
57,0
58,0
59,0
60,0
61,0
62,0
63,0
64,0
65,0
66,0
67,0
68,0
69,0
70,0
71,0
72,0
73,0
74,0
75,0
76,0
77,0
78,0
79,0
80,0
81,0
82,0
83,0
84,0
85,0
86,0
87,0
88,0
89,0
90,0
91,0
92,0
93,0
94,0
95,0
96,0
97,0
98,0
99,0
100,0
101,0
102,0
103,0
104,0
105,0
106,0
107,0
108,0
109,0
110,0
111,0
112,0
113,0
114,0
115,0
116,0
117,0
118,0
119,0
120,0
121,0
122,0
123,0
124,0
125,0
126,0
127,0
128,0
129,0
130,0
131,0
132,0
133,0
134,0
135,0
136,0
137,0
138,0
139,0
140,0
141,0
142,0
143,0
144,0
145,0
146,0
147,0
148,0
149,0
150,0
151,0
152,0
153,0
154,0
155,0
156,0
157,0
158,0
159,0
160,0
161,0
162,0
163,0
164,0
165,0
166,0
167,0
168,0
169,0
170,0
171,0
172,0
173,0
174,0
175,0
176,0
177,0
178,0
179,0
180,0
181,0
182,0
183,0
184,0
185,0
186,0
187,0
188,0
189,0
190,0
191,0
192,0
193,0
194,0
195,0
196,0
197,0
198,0
199,0


