Generation 
27

Number of individuals per generation
200

Population scaled variables 
0,3.92156862745,3.92156862745,4.11764705882,3.92156862745,4.31372549020,3.92156862745,4.31372549020,4.01960784314,
1,5.09803921569,3.52941176471,3.52941176471,16.0784313725,4.31372549020,3.52941176471,3.52941176471,3.52941176471,
2,18.1372549020,18.1372549020,5.78431372549,17.3529411765,18.1372549020,18.1372549020,18.0392156863,18.1372549020,
3,10.1960784314,10.1960784314,11.7647058824,10.5882352941,3.92156862745,7.05882352941,10.3921568627,22.7450980392,
4,17.5490196078,12.8431372549,13.2352941176,13.2352941176,12.8431372549,13.2352941176,14.0196078431,13.2352941176,
5,12.6470588235,12.8431372549,16.3725490196,12.5490196078,0.0980392156863,12.6470588235,12.6470588235,12.8431372549,
6,11.7647058824,12.1568627451,12.1568627451,12.1568627451,12.1568627451,12.1568627451,12.3529411765,12.1568627451,
7,8.33333333333,8.33333333333,8.33333333333,8.33333333333,7.94117647059,8.52941176471,2.05882352941,6.76470588235,
8,1.27450980392,2.84313725490,1.27450980392,1.27450980392,0.882352941176,1.47058823529,1.47058823529,1.27450980392,
9,3.62745098039,9.70588235294,3.62745098039,3.62745098039,3.62745098039,1.27450980392,3.62745098039,0.490196078431,
10,5.58823529412,5.58823529412,5.78431372549,4.90196078431,2.45098039216,4.01960784314,18.1372549020,2.45098039216,
11,6.86274509804,6.86274509804,6.86274509804,6.86274509804,0.686274509804,6.86274509804,10.0,19.4117647059,
12,15.5882352941,14.8039215686,15.5882352941,15.5882352941,15.5882352941,21.8627450980,15.5882352941,15.5882352941,
13,19.7058823529,19.7058823529,19.7058823529,19.7058823529,19.7058823529,7.15686274510,19.7058823529,19.7058823529,
14,15.8823529412,15.8823529412,15.8823529412,21.9607843137,16.2745098039,22.1568627451,3.13725490196,17.4509803922,
15,0.196078431373,0.196078431373,0.196078431373,1.76470588235,6.47058823529,0.980392156863,0.196078431373,1.76470588235,
16,22.4509803922,22.4509803922,22.4509803922,16.1764705882,22.0588235294,22.4509803922,22.4509803922,16.1764705882,
17,1.17647058824,7.45098039216,1.17647058824,1.17647058824,1.17647058824,1.17647058824,1.17647058824,20.0,
18,23.8235294118,23.7254901961,20.5882352941,17.2549019608,24.9019607843,23.7254901961,23.7254901961,23.7254901961,
19,21.1764705882,14.1176470588,7.84313725490,20.3921568627,14.1176470588,7.84313725490,21.1764705882,20.6862745098,
20,15.9803921569,16.1764705882,15.7843137255,12.9411764706,17.7450980392,15.7843137255,15.7843137255,15.7843137255,
21,16.6666666667,22.7450980392,16.6666666667,22.9411764706,22.9411764706,10.1960784314,22.9411764706,22.9411764706,
22,1.07843137255,2.64705882353,1.07843137255,7.35294117647,1.07843137255,1.07843137255,1.07843137255,0.294117647059,
23,16.5686274510,15.9803921569,16.7647058824,15.9803921569,3.23529411765,15.9803921569,3.62745098039,15.9803921569,
24,23.0392156863,23.0392156863,19.9019607843,9.60784313725,23.0392156863,24.6078431373,23.0392156863,23.0392156863,
25,24.2156862745,20.9803921569,17.9411764706,24.1176470588,25.0,24.2156862745,24.2156862745,24.2156862745,
26,3.62745098039,16.1764705882,16.1764705882,16.1764705882,16.1764705882,15.7843137255,16.1764705882,3.62745098039,
27,19.5098039216,19.5098039216,19.5098039216,21.0784313725,8.52941176471,19.5098039216,6.96078431373,19.3137254902,
28,0.686274509804,0.686274509804,13.2352941176,0.294117647059,0.588235294118,13.2352941176,0.686274509804,13.2352941176,
29,20.8823529412,20.4901960784,20.4901960784,21.4705882353,20.4901960784,20.4901960784,20.6862745098,20.6862745098,
30,17.3529411765,22.0588235294,22.0588235294,15.7843137255,15.7843137255,15.9803921569,16.1764705882,15.7843137255,
31,5.0,4.11764705882,5.78431372549,5.58823529412,5.78431372549,11.0784313725,5.68627450980,5.78431372549,
32,20.5882352941,20.5882352941,20.5882352941,20.5882352941,20.5882352941,20.3921568627,20.5882352941,7.84313725490,
33,19.6078431373,7.15686274510,21.9607843137,19.6078431373,19.7058823529,19.6078431373,19.6078431373,19.6078431373,
34,4.90196078431,4.70588235294,4.90196078431,4.90196078431,4.90196078431,4.90196078431,4.90196078431,11.1764705882,
35,9.70588235294,9.70588235294,9.60784313725,11.2745098039,22.2549019608,9.70588235294,6.56862745098,9.70588235294,
36,19.4117647059,20.0,19.2156862745,19.3137254902,19.3137254902,19.3137254902,19.2156862745,18.9215686275,
37,23.6274509804,24.4117647059,7.84313725490,9.41176470588,23.6274509804,21.2745098039,20.4901960784,23.6274509804,
38,18.5294117647,24.7058823529,17.6470588235,18.4313725490,16.8627450980,18.4313725490,18.4313725490,18.0392156863,
39,21.0784313725,21.0784313725,21.0784313725,24.2156862745,20.9803921569,6.56862745098,14.4117647059,20.8823529412,
40,17.4509803922,18.2352941176,18.2352941176,21.1764705882,18.2352941176,18.2352941176,2.54901960784,17.4509803922,
41,16.8627450980,16.4705882353,15.6862745098,16.4705882353,16.4705882353,16.6666666667,13.4313725490,16.0784313725,
42,13.1372549020,0.588235294118,20.8823529412,12.5490196078,14.5098039216,12.9411764706,13.7254901961,12.9411764706,
43,5.39215686275,5.19607843137,5.19607843137,5.19607843137,5.19607843137,4.80392156863,4.80392156863,5.19607843137,
44,11.8627450980,11.8627450980,11.8627450980,11.8627450980,11.8627450980,11.8627450980,11.8627450980,11.7647058824,
45,20.3921568627,7.05882352941,8.23529411765,7.84313725490,7.84313725490,19.0196078431,7.84313725490,7.84313725490,
46,2.25490196078,2.25490196078,0.686274509804,14.8039215686,1.27450980392,3.03921568627,3.03921568627,2.25490196078,
47,6.96078431373,8.52941176471,21.0784313725,8.52941176471,8.52941176471,8.52941176471,8.52941176471,8.52941176471,
48,22.2549019608,23.4313725490,22.2549019608,22.6470588235,22.6470588235,22.5490196078,22.6470588235,20.2941176471,
49,21.4705882353,20.6862745098,14.4117647059,17.3529411765,14.4117647059,14.4117647059,14.4117647059,14.4117647059,
50,10.5882352941,6.66666666667,9.80392156863,9.80392156863,3.52941176471,9.80392156863,23.9215686275,9.80392156863,
51,10.8823529412,7.35294117647,7.35294117647,7.15686274510,7.35294117647,7.35294117647,7.35294117647,7.35294117647,
52,14.3137254902,12.7450980392,14.3137254902,14.3137254902,14.3137254902,20.5882352941,14.3137254902,14.4117647059,
53,24.7058823529,20.7843137255,24.7058823529,24.7058823529,24.7058823529,12.1568627451,24.7058823529,18.0392156863,
54,0.686274509804,0.686274509804,0.686274509804,0.686274509804,13.2352941176,0.686274509804,0.686274509804,2.25490196078,
55,6.56862745098,6.56862745098,6.96078431373,19.1176470588,6.56862745098,9.70588235294,6.56862745098,9.70588235294,
56,8.03921568627,7.25490196078,8.03921568627,8.03921568627,8.03921568627,8.03921568627,8.03921568627,8.03921568627,
57,9.60784313725,19.0196078431,23.7254901961,22.1568627451,21.9607843137,22.1568627451,9.60784313725,21.9607843137,
58,5.98039215686,2.45098039216,0.882352941176,2.45098039216,2.05882352941,5.58823529412,2.45098039216,2.45098039216,
59,11.1764705882,11.1764705882,9.60784313725,4.11764705882,11.9607843137,9.41176470588,11.1764705882,10.9803921569,
60,14.0196078431,13.2352941176,0.686274509804,13.0392156863,13.0392156863,13.2352941176,13.2352941176,14.8039215686,
61,12.4509803922,18.7254901961,24.8039215686,12.4509803922,24.9019607843,12.4509803922,25.0,25.0,
62,10.2941176471,10.1960784314,10.2941176471,4.01960784314,10.2941176471,10.1960784314,10.1960784314,10.4901960784,
63,20.2941176471,20.2941176471,20.2941176471,20.2941176471,23.4313725490,13.2352941176,19.5098039216,19.5098039216,
64,24.6078431373,21.2745098039,21.4705882353,19.9019607843,8.72549019608,21.4705882353,21.4705882353,21.4705882353,
65,11.6666666667,11.4705882353,9.90196078431,11.4705882353,12.2549019608,11.4705882353,8.33333333333,5.09803921569,
66,11.9607843137,24.6078431373,11.9607843137,11.9607843137,11.9607843137,11.9607843137,12.0588235294,11.7647058824,
67,15.5882352941,21.8627450980,21.8627450980,20.2941176471,21.8627450980,21.0784313725,15.5882352941,21.6666666667,
68,13.5294117647,22.8431372549,13.4313725490,13.6274509804,13.5294117647,13.6274509804,13.6274509804,13.6274509804,
69,23.9215686275,22.3529411765,24.1176470588,24.1176470588,23.6274509804,23.9215686275,11.3725490196,23.9215686275,
70,2.35294117647,2.45098039216,0.78431372549,2.74509803922,2.84313725490,2.35294117647,8.62745098039,5.58823529412,
71,1.37254901961,9.21568627451,7.64705882353,7.64705882353,7.64705882353,6.86274509804,7.64705882353,7.74509803922,
72,4.80392156863,11.4705882353,5.19607843137,5.19607843137,5.19607843137,11.4705882353,4.80392156863,2.05882352941,
73,6.96078431373,6.96078431373,8.52941176471,6.96078431373,6.96078431373,6.96078431373,6.76470588235,9.90196078431,
74,24.9019607843,21.7647058824,20.9803921569,20.5882352941,21.5686274510,21.7647058824,21.7647058824,15.4901960784,
75,21.2745098039,21.2745098039,8.72549019608,22.8431372549,21.2745098039,21.2745098039,18.9215686275,21.2745098039,
76,2.35294117647,0.78431372549,0.0,0.78431372549,0.980392156863,0.78431372549,0.882352941176,0.78431372549,
77,6.86274509804,6.86274509804,6.86274509804,10.0,6.76470588235,6.86274509804,7.64705882353,6.86274509804,
78,6.17647058824,6.17647058824,6.17647058824,6.07843137255,6.17647058824,6.17647058824,2.94117647059,6.17647058824,
79,10.0980392157,10.0980392157,10.0980392157,16.2745098039,9.70588235294,10.0980392157,11.6666666667,10.0980392157,
80,23.6274509804,23.6274509804,23.8235294118,10.9803921569,23.6274509804,23.6274509804,23.6274509804,23.6274509804,
81,8.33333333333,8.33333333333,5.19607843137,8.33333333333,20.8823529412,8.33333333333,11.4705882353,10.6862745098,
82,23.8235294118,23.7254901961,22.2549019608,24.2156862745,11.2745098039,23.8235294118,23.8235294118,23.8235294118,
83,7.54901960784,1.27450980392,13.8235294118,4.41176470588,1.27450980392,1.27450980392,1.17647058824,1.27450980392,
84,17.7450980392,24.0196078431,22.4509803922,24.0196078431,24.0196078431,24.0196078431,24.0196078431,24.0196078431,
85,19.7058823529,19.2156862745,18.8235294118,7.84313725490,18.8235294118,19.6078431373,18.8235294118,19.6078431373,
86,15.6862745098,15.7843137255,15.7843137255,15.7843137255,15.7843137255,15.7843137255,15.9803921569,15.9803921569,
87,6.76470588235,22.3529411765,22.4509803922,22.4509803922,22.6470588235,22.4509803922,24.0196078431,22.4509803922,
88,10.0980392157,10.8823529412,20.2941176471,20.2941176471,23.4313725490,23.4313725490,23.4313725490,23.4313725490,
89,19.5098039216,19.5098039216,19.5098039216,22.6470588235,13.0392156863,19.5098039216,13.2352941176,19.1176470588,
90,12.0588235294,11.2745098039,8.13725490196,11.2745098039,8.13725490196,8.43137254902,11.2745098039,11.2745098039,
91,8.72549019608,21.2745098039,8.72549019608,8.92156862745,7.84313725490,8.72549019608,8.72549019608,11.8627450980,
92,3.03921568627,3.03921568627,2.45098039216,3.03921568627,3.03921568627,2.25490196078,2.64705882353,3.03921568627,
93,0.0,14.1176470588,12.7450980392,12.5490196078,12.7450980392,12.5490196078,18.8235294118,16.0784313725,
94,8.82352941176,20.3921568627,20.5882352941,21.1764705882,18.9215686275,20.4901960784,20.5882352941,20.4901960784,
95,10.9803921569,9.80392156863,11.3725490196,9.41176470588,11.4705882353,11.3725490196,9.80392156863,11.4705882353,
96,18.2352941176,4.60784313725,17.1568627451,17.1568627451,23.4313725490,17.1568627451,17.1568627451,17.0588235294,
97,5.19607843137,5.0,23.8235294118,4.90196078431,9.60784313725,5.0,5.0,5.0,
98,5.39215686275,14.8039215686,0.588235294118,8.43137254902,2.25490196078,0.686274509804,6.96078431373,2.25490196078,
99,25.0,11.6666666667,11.6666666667,11.6666666667,11.4705882353,11.2745098039,10.0980392157,11.5686274510,
100,7.74509803922,7.74509803922,7.74509803922,7.35294117647,10.8823529412,7.35294117647,9.31372549020,0.686274509804,
101,13.0392156863,13.0392156863,13.0392156863,13.0392156863,13.0392156863,13.0392156863,13.0392156863,19.2156862745,
102,6.56862745098,6.37254901961,6.56862745098,6.56862745098,6.56862745098,6.56862745098,6.56862745098,6.76470588235,
103,3.23529411765,3.62745098039,9.90196078431,3.62745098039,3.62745098039,3.62745098039,3.62745098039,16.1764705882,
104,8.43137254902,20.7843137255,8.43137254902,8.43137254902,8.43137254902,8.43137254902,8.43137254902,8.43137254902,
105,3.43137254902,4.80392156863,3.43137254902,0.294117647059,3.43137254902,3.43137254902,3.82352941176,0.294117647059,
106,6.76470588235,6.76470588235,9.90196078431,6.76470588235,19.3137254902,6.76470588235,6.76470588235,6.76470588235,
107,6.07843137255,5.58823529412,2.84313725490,5.98039215686,4.80392156863,5.58823529412,5.98039215686,4.41176470588,
108,1.96078431373,2.25490196078,5.19607843137,2.05882352941,0.686274509804,1.66666666667,2.05882352941,2.05882352941,
109,20.5882352941,24.5098039216,15.0980392157,17.4509803922,23.7254901961,23.7254901961,23.7254901961,24.1176470588,
110,12.2549019608,24.0196078431,11.4705882353,11.4705882353,20.7843137255,22.4509803922,23.9215686275,24.0196078431,
111,5.78431372549,5.78431372549,5.78431372549,4.60784313725,5.78431372549,5.68627450980,5.58823529412,5.78431372549,
112,22.4509803922,22.4509803922,22.4509803922,24.0196078431,17.9411764706,22.4509803922,22.4509803922,22.4509803922,
113,6.96078431373,8.52941176471,6.96078431373,19.5098039216,10.8823529412,10.0980392157,6.96078431373,8.52941176471,
114,22.0588235294,22.0588235294,24.4117647059,0.0980392156863,9.50980392157,22.0588235294,22.0588235294,22.0588235294,
115,21.9607843137,18.8235294118,22.3529411765,22.0588235294,22.0588235294,22.0588235294,21.9607843137,21.9607843137,
116,23.5294117647,11.0784313725,22.0588235294,23.5294117647,23.6274509804,23.6274509804,22.0588235294,20.4901960784,
117,22.2549019608,22.0588235294,22.2549019608,22.2549019608,22.2549019608,22.0588235294,22.2549019608,22.2549019608,
118,17.5490196078,15.9803921569,17.5490196078,23.8235294118,17.5490196078,17.5490196078,15.1960784314,17.3529411765,
119,9.01960784314,9.01960784314,9.01960784314,9.01960784314,9.01960784314,8.62745098039,9.01960784314,9.01960784314,
120,10.7843137255,4.50980392157,3.82352941176,4.50980392157,4.50980392157,4.50980392157,1.47058823529,4.50980392157,
121,17.4509803922,16.6666666667,15.9803921569,15.8823529412,15.8823529412,15.8823529412,15.8823529412,15.8823529412,
122,12.0588235294,5.78431372549,2.64705882353,5.78431372549,12.0588235294,18.7254901961,5.78431372549,5.78431372549,
123,12.9411764706,12.9411764706,12.9411764706,13.0392156863,16.0784313725,13.0392156863,13.0392156863,12.9411764706,
124,13.9215686275,18.4313725490,15.2941176471,18.4313725490,5.88235294118,18.4313725490,24.7058823529,18.6274509804,
125,23.4313725490,17.1568627451,22.8431372549,23.4313725490,23.2352941176,22.6470588235,23.4313725490,23.4313725490,
126,8.82352941176,8.82352941176,7.35294117647,2.54901960784,8.43137254902,8.92156862745,8.82352941176,8.82352941176,
127,12.0588235294,12.0588235294,11.9607843137,12.4509803922,12.0588235294,12.0588235294,12.0588235294,12.0588235294,
128,19.4117647059,19.4117647059,19.4117647059,19.4117647059,6.86274509804,19.5098039216,19.4117647059,22.5490196078,
129,18.0392156863,24.7058823529,18.4313725490,24.0196078431,24.7058823529,18.4313725490,18.4313725490,18.4313725490,
130,9.01960784314,9.01960784314,7.45098039216,9.01960784314,9.01960784314,20.0,9.01960784314,8.62745098039,
131,18.9215686275,6.37254901961,18.9215686275,6.37254901961,6.37254901961,6.76470588235,6.76470588235,0.0980392156863,
132,21.6666666667,21.6666666667,21.6666666667,21.6666666667,21.6666666667,7.15686274510,21.6666666667,21.2745098039,
133,8.43137254902,8.03921568627,8.43137254902,9.21568627451,20.9803921569,8.43137254902,20.9803921569,8.43137254902,
134,13.2352941176,19.5098039216,22.6470588235,19.5098039216,20.2941176471,19.5098039216,13.1372549020,19.5098039216,
135,3.33333333333,1.37254901961,9.80392156863,3.72549019608,4.50980392157,3.72549019608,3.72549019608,3.72549019608,
136,0.490196078431,0.490196078431,1.27450980392,0.490196078431,0.490196078431,0.490196078431,8.33333333333,0.490196078431,
137,3.13725490196,3.13725490196,1.76470588235,3.13725490196,3.92156862745,3.13725490196,3.23529411765,10.9803921569,
138,10.5882352941,7.45098039216,6.66666666667,7.64705882353,7.64705882353,7.64705882353,7.64705882353,7.45098039216,
139,24.4117647059,2.74509803922,12.2549019608,12.2549019608,11.8627450980,12.2549019608,12.4509803922,12.2549019608,
140,22.6470588235,9.60784313725,10.0,10.0,22.5490196078,10.0,10.7843137255,10.0,
141,20.6862745098,23.8235294118,8.13725490196,23.8235294118,20.6862745098,20.6862745098,20.5882352941,8.13725490196,
142,13.0392156863,14.0196078431,0.490196078431,13.8235294118,13.8235294118,13.0392156863,13.0392156863,13.0392156863,
143,12.6470588235,8.72549019608,14.2156862745,14.2156862745,14.2156862745,14.2156862745,14.2156862745,14.2156862745,
144,11.4705882353,4.80392156863,7.84313725490,10.2941176471,11.1764705882,9.50980392157,11.7647058824,5.98039215686,
145,16.8627450980,23.3333333333,16.8627450980,22.7450980392,16.8627450980,16.8627450980,16.8627450980,16.8627450980,
146,15.5882352941,15.5882352941,15.5882352941,12.8431372549,15.5882352941,18.7254901961,14.0196078431,15.5882352941,
147,15.8823529412,15.8823529412,15.8823529412,17.4509803922,16.2745098039,15.8823529412,15.8823529412,17.4509803922,
148,21.0784313725,14.8039215686,14.8039215686,15.5882352941,14.8039215686,14.4117647059,2.15686274510,14.8039215686,
149,13.7254901961,15.2941176471,15.2941176471,13.7254901961,15.4901960784,18.4313725490,15.2941176471,24.7058823529,
150,14.1176470588,14.3137254902,12.5490196078,15.0,14.5098039216,14.1176470588,14.1176470588,20.3921568627,
151,17.5490196078,23.8235294118,22.2549019608,23.8235294118,25.0,23.8235294118,17.5490196078,23.8235294118,
152,5.58823529412,5.58823529412,5.98039215686,5.49019607843,5.88235294118,5.58823529412,4.01960784314,1.66666666667,
153,2.35294117647,8.62745098039,8.62745098039,11.8627450980,7.84313725490,8.62745098039,8.62745098039,8.62745098039,
154,5.19607843137,24.0196078431,24.0196078431,24.0196078431,24.0196078431,24.0196078431,22.6470588235,24.8039215686,
155,24.7058823529,24.8039215686,24.7058823529,12.1568627451,24.3137254902,12.1568627451,24.7058823529,24.7058823529,
156,16.2745098039,3.82352941176,17.1568627451,16.3725490196,16.3725490196,13.0392156863,16.3725490196,16.3725490196,
157,6.76470588235,19.3137254902,6.76470588235,6.76470588235,18.9215686275,11.4705882353,9.90196078431,6.76470588235,
158,19.2156862745,19.2156862745,19.2156862745,16.0784313725,16.0784313725,19.2156862745,19.5098039216,19.2156862745,
159,19.1176470588,22.2549019608,23.7254901961,23.0392156863,22.2549019608,22.2549019608,22.2549019608,11.2745098039,
160,7.74509803922,7.74509803922,7.74509803922,7.64705882353,7.64705882353,7.74509803922,1.07843137255,7.74509803922,
161,6.66666666667,22.3529411765,19.2156862745,22.3529411765,9.80392156863,9.80392156863,10.0,9.80392156863,
162,9.60784313725,9.41176470588,9.41176470588,9.41176470588,3.13725490196,9.50980392157,9.60784313725,9.41176470588,
163,1.27450980392,0.490196078431,0.490196078431,12.6470588235,3.62745098039,0.490196078431,0.490196078431,0.490196078431,
164,13.8235294118,13.4313725490,13.6274509804,13.8235294118,16.9607843137,13.8235294118,13.3333333333,13.8235294118,
165,22.8431372549,22.8431372549,13.0392156863,22.8431372549,21.2745098039,24.3137254902,7.15686274510,9.50980392157,
166,21.3725490196,21.3725490196,21.3725490196,21.3725490196,21.3725490196,19.8039215686,19.8039215686,21.4705882353,
167,23.3333333333,23.4313725490,20.1960784314,24.9019607843,13.7254901961,23.3333333333,23.3333333333,22.7450980392,
168,16.6666666667,4.11764705882,16.6666666667,16.6666666667,13.5294117647,16.6666666667,13.5294117647,16.7647058824,
169,9.70588235294,22.2549019608,6.56862745098,9.70588235294,15.9803921569,9.70588235294,9.70588235294,3.43137254902,
170,4.70588235294,23.5294117647,23.5294117647,23.5294117647,23.5294117647,23.5294117647,23.5294117647,24.3137254902,
171,16.7647058824,16.7647058824,16.7647058824,15.9803921569,16.7647058824,15.9803921569,16.7647058824,16.7647058824,
172,11.0784313725,4.80392156863,4.80392156863,4.80392156863,4.80392156863,17.3529411765,4.80392156863,5.49019607843,
173,15.0,2.64705882353,5.58823529412,2.45098039216,1.66666666667,2.45098039216,2.45098039216,1.27450980392,
174,19.3137254902,19.3137254902,19.3137254902,19.3137254902,18.9215686275,19.3137254902,19.3137254902,22.4509803922,
175,9.50980392157,9.90196078431,9.50980392157,10.2941176471,9.50980392157,9.50980392157,9.50980392157,9.50980392157,
176,20.3921568627,21.2745098039,21.4705882353,14.2156862745,23.6274509804,18.9215686275,20.4901960784,20.4901960784,
177,11.1764705882,4.90196078431,11.1764705882,11.5686274510,11.1764705882,11.9607843137,11.2745098039,11.1764705882,
178,16.6666666667,16.6666666667,16.6666666667,18.2352941176,18.6274509804,16.6666666667,16.6666666667,16.6666666667,
179,10.8823529412,7.74509803922,7.64705882353,9.21568627451,7.74509803922,7.64705882353,7.64705882353,7.74509803922,
180,1.56862745098,5.09803921569,1.96078431373,1.56862745098,1.96078431373,1.96078431373,1.96078431373,1.96078431373,
181,13.6274509804,13.4313725490,13.6274509804,13.6274509804,0.980392156863,0.980392156863,13.6274509804,19.9019607843,
182,11.7647058824,8.62745098039,11.7647058824,8.62745098039,10.9803921569,11.9607843137,11.7647058824,11.7647058824,
183,2.15686274510,0.588235294118,0.588235294118,1.17647058824,1.37254901961,0.588235294118,6.47058823529,0.588235294118,
184,17.5490196078,24.6078431373,25.0,24.6078431373,22.9411764706,25.0,24.6078431373,24.4117647059,
185,15.0,18.1372549020,15.5882352941,14.2156862745,21.2745098039,15.0,14.2156862745,15.1960784314,
186,10.2941176471,10.2941176471,10.4901960784,10.2941176471,22.8431372549,23.0392156863,10.2941176471,4.01960784314,
187,12.4509803922,9.31372549020,12.4509803922,12.0588235294,11.6666666667,12.4509803922,12.4509803922,12.4509803922,
188,13.3333333333,12.6470588235,13.2352941176,12.5490196078,12.6470588235,12.6470588235,14.2156862745,0.0980392156863,
189,5.0,7.94117647059,2.64705882353,1.86274509804,21.0784313725,14.3137254902,1.86274509804,1.86274509804,
190,0.490196078431,0.490196078431,0.490196078431,0.490196078431,0.392156862745,0.490196078431,0.490196078431,9.90196078431,
191,20.3921568627,9.70588235294,13.3333333333,4.31372549020,0.294117647059,12.3529411765,22.2549019608,24.3137254902,
192,6.56862745098,0.294117647059,1.27450980392,24.9019607843,4.11764705882,9.21568627451,4.31372549020,14.1176470588,
193,15.8823529412,23.7254901961,24.5098039216,5.78431372549,20.4901960784,20.0980392157,1.47058823529,16.1764705882,
194,8.52941176471,11.3725490196,24.4117647059,8.33333333333,14.9019607843,4.60784313725,16.6666666667,5.88235294118,
195,22.4509803922,3.03921568627,2.54901960784,20.0980392157,14.9019607843,14.9019607843,5.78431372549,24.9019607843,
196,0.686274509804,10.0980392157,10.1960784314,12.5490196078,0.490196078431,9.01960784314,12.2549019608,21.8627450980,
197,22.0588235294,12.9411764706,7.25490196078,6.17647058824,9.70588235294,1.47058823529,7.15686274510,7.05882352941,
198,11.2745098039,15.4901960784,9.01960784314,22.4509803922,6.86274509804,1.07843137255,5.88235294118,13.9215686275,
199,11.0784313725,20.0,13.7254901961,22.8431372549,13.7254901961,6.56862745098,12.9411764706,3.72549019608,

Population fitness value 
0,0
1,0
2,0
3,0
4,0
5,0
6,0
7,0
8,0
9,0
10,0
11,0
12,0
13,0
14,0
15,0
16,0
17,0
18,0
19,0
20,0
21,0
22,0
23,0
24,0
25,0
26,0
27,0
28,0
29,0
30,0
31,0
32,0
33,0
34,0
35,0
36,0
37,0
38,0
39,0
40,0
41,0
42,0
43,0
44,0
45,0
46,0
47,0
48,0
49,0
50,0
51,0
52,0
53,0
54,0
55,0
56,0
57,0
58,0
59,0
60,0
61,0
62,0
63,0
64,0
65,0
66,0
67,0
68,0
69,0
70,0
71,0
72,0
73,0
74,0
75,0
76,0
77,0
78,0
79,0
80,0
81,0
82,0
83,0
84,0
85,0
86,0
87,0
88,0
89,0
90,0
91,0
92,0
93,0
94,0
95,0
96,0
97,0
98,0
99,0
100,0
101,0
102,0
103,0
104,0
105,0
106,0
107,0
108,0
109,0
110,0
111,0
112,0
113,0
114,0
115,0
116,0
117,0
118,0
119,0
120,0
121,0
122,0
123,0
124,0
125,0
126,0
127,0
128,0
129,0
130,0
131,0
132,0
133,0
134,0
135,0
136,0
137,0
138,0
139,0
140,0
141,0
142,0
143,0
144,0
145,0
146,0
147,0
148,0
149,0
150,0
151,0
152,0
153,0
154,0
155,0
156,0
157,0
158,0
159,0
160,0
161,0
162,0
163,0
164,0
165,0
166,0
167,0
168,0
169,0
170,0
171,0
172,0
173,0
174,0
175,0
176,0
177,0
178,0
179,0
180,0
181,0
182,0
183,0
184,0
185,0
186,0
187,0
188,0
189,0
190,0
191,0
192,0
193,0
194,0
195,0
196,0
197,0
198,0
199,0


