Generation 
4

Number of individuals per generation
50

Population scaled variables 
0,0.793650793651,3.96825396825,16.4682539683,3.96825396825,16.4682539683,16.4682539683,3.96825396825,16.4682539683,
1,3.37301587302,3.37301587302,15.8730158730,3.37301587302,15.8730158730,15.8730158730,3.37301587302,15.8730158730,
2,6.54761904762,6.54761904762,19.0476190476,6.54761904762,19.0476190476,19.0476190476,6.54761904762,19.0476190476,
3,3.17460317460,3.17460317460,16.4682539683,3.17460317460,15.6746031746,15.6746031746,3.17460317460,15.6746031746,
4,3.17460317460,3.17460317460,15.6746031746,3.17460317460,15.6746031746,15.6746031746,3.17460317460,15.6746031746,
5,3.17460317460,3.17460317460,15.6746031746,3.17460317460,12.5,15.6746031746,3.17460317460,15.6746031746,
6,1.19047619048,1.19047619048,13.6904761905,1.19047619048,13.6904761905,13.6904761905,1.19047619048,13.6904761905,
7,3.17460317460,3.17460317460,15.6746031746,3.17460317460,15.6746031746,15.6746031746,3.17460317460,15.6746031746,
8,10.9126984127,10.9126984127,23.4126984127,10.9126984127,23.4126984127,23.4126984127,10.9126984127,23.4126984127,
9,8.13492063492,7.93650793651,20.4365079365,7.93650793651,20.4365079365,20.4365079365,7.93650793651,20.4365079365,
10,3.76984126984,3.76984126984,16.2698412698,3.76984126984,16.2698412698,16.2698412698,3.76984126984,16.2698412698,
11,3.76984126984,3.76984126984,16.2698412698,3.76984126984,16.2698412698,16.2698412698,3.76984126984,16.2698412698,
12,5.95238095238,5.95238095238,18.4523809524,5.95238095238,18.4523809524,18.4523809524,5.95238095238,18.4523809524,
13,6.54761904762,6.54761904762,19.0476190476,6.54761904762,19.0476190476,19.0476190476,6.54761904762,19.0476190476,
14,0.396825396825,0.396825396825,12.8968253968,0.396825396825,12.8968253968,12.8968253968,0.396825396825,12.8968253968,
15,6.54761904762,6.54761904762,19.0476190476,6.54761904762,19.0476190476,19.0476190476,6.54761904762,19.0476190476,
16,6.54761904762,6.54761904762,19.0476190476,6.54761904762,19.0476190476,19.0476190476,6.54761904762,19.0476190476,
17,3.96825396825,5.55555555556,16.4682539683,3.96825396825,16.4682539683,16.4682539683,3.96825396825,16.4682539683,
18,3.76984126984,3.76984126984,16.2698412698,3.76984126984,16.2698412698,16.2698412698,3.76984126984,16.2698412698,
19,10.1190476190,10.1190476190,19.4444444444,10.1190476190,22.6190476190,22.6190476190,10.1190476190,22.6190476190,
20,10.9126984127,10.9126984127,23.4126984127,10.9126984127,23.4126984127,23.4126984127,10.9126984127,23.4126984127,
21,6.34920634921,6.34920634921,18.8492063492,6.54761904762,18.8492063492,18.8492063492,0.0,20.4365079365,
22,3.96825396825,3.96825396825,16.4682539683,3.96825396825,16.4682539683,16.4682539683,3.96825396825,16.4682539683,
23,3.96825396825,3.96825396825,16.4682539683,3.96825396825,15.6746031746,16.4682539683,3.96825396825,16.4682539683,
24,7.93650793651,7.93650793651,20.4365079365,7.93650793651,20.4365079365,20.4365079365,7.93650793651,20.4365079365,
25,2.77777777778,2.77777777778,15.2777777778,2.77777777778,15.2777777778,15.2777777778,1.19047619048,15.2777777778,
26,0.793650793651,0.793650793651,13.2936507937,0.793650793651,13.2936507937,13.2936507937,0.793650793651,13.2936507937,
27,12.3015873016,12.3015873016,24.8015873016,12.3015873016,24.8015873016,24.8015873016,12.3015873016,24.8015873016,
28,3.17460317460,9.52380952381,22.0238095238,9.52380952381,22.0238095238,22.0238095238,9.52380952381,22.0238095238,
29,1.38888888889,1.38888888889,13.8888888889,1.38888888889,13.8888888889,13.8888888889,1.38888888889,13.8888888889,
30,6.34920634921,6.54761904762,19.0476190476,6.54761904762,19.0476190476,19.0476190476,6.54761904762,19.0476190476,
31,10.3174603175,10.3174603175,22.8174603175,10.3174603175,22.8174603175,22.8174603175,10.3174603175,22.8174603175,
32,0.198412698413,0.198412698413,12.6984126984,0.198412698413,12.6984126984,12.6984126984,0.198412698413,12.6984126984,
33,3.76984126984,3.76984126984,16.2698412698,3.76984126984,16.2698412698,16.2698412698,3.76984126984,16.2698412698,
34,4.96031746032,4.96031746032,17.4603174603,4.96031746032,17.4603174603,17.4603174603,4.96031746032,17.4603174603,
35,4.96031746032,4.96031746032,17.4603174603,4.96031746032,17.4603174603,17.4603174603,4.96031746032,17.4603174603,
36,8.33333333333,7.93650793651,20.4365079365,7.93650793651,20.4365079365,20.4365079365,7.93650793651,20.4365079365,
37,3.96825396825,3.96825396825,16.4682539683,3.96825396825,16.4682539683,16.4682539683,3.96825396825,16.4682539683,
38,9.52380952381,9.52380952381,22.0238095238,10.3174603175,22.0238095238,22.0238095238,9.52380952381,22.0238095238,
39,1.19047619048,1.19047619048,13.6904761905,1.19047619048,13.6904761905,13.6904761905,1.19047619048,13.6904761905,
40,3.76984126984,2.18253968254,19.0476190476,4.16666666667,24.4047619048,16.8650793651,0.396825396825,19.6428571429,
41,1.19047619048,4.96031746032,23.6111111111,1.78571428571,18.0555555556,18.4523809524,2.38095238095,19.6428571429,
42,10.3174603175,0.992063492063,18.8492063492,6.34920634921,24.0079365079,24.2063492063,2.18253968254,20.4365079365,
43,6.54761904762,0.793650793651,13.0952380952,0.0,23.4126984127,14.2857142857,2.57936507937,24.2063492063,
44,1.38888888889,7.34126984127,22.8174603175,7.93650793651,19.4444444444,21.6269841270,9.72222222222,24.2063492063,
45,7.93650793651,2.18253968254,22.2222222222,0.992063492063,18.2539682540,17.0634920635,5.55555555556,21.6269841270,
46,3.96825396825,10.7142857143,23.2142857143,0.198412698413,24.4047619048,17.4603174603,0.793650793651,15.2777777778,
47,3.96825396825,9.12698412698,22.6190476190,3.37301587302,24.6031746032,16.6666666667,0.0,17.0634920635,
48,3.17460317460,11.1111111111,19.0476190476,3.37301587302,21.0317460317,19.4444444444,5.75396825397,21.6269841270,
49,4.96031746032,11.5079365079,19.6428571429,1.19047619048,19.0476190476,19.6428571429,2.77777777778,22.4206349206,

Population fitness value 
0,176.091269841
1,156.25
2,156.25
3,161.210317460
4,156.25
5,136.408730159
6,156.25
7,156.25
8,156.25
9,155.009920635
10,156.25
11,156.25
12,156.25
13,156.25
14,156.25
15,156.25
16,156.25
17,146.329365079
18,156.25
19,136.408730159
20,156.25
21,204.613095238
22,156.25
23,151.289682540
24,156.25
25,166.170634921
26,156.25
27,156.25
28,195.932539683
29,156.25
30,157.490079365
31,156.25
32,156.25
33,156.25
34,156.25
35,156.25
36,153.769841270
37,156.25
38,151.289682540
39,156.25
40,296.595490048
41,293.800390527
42,289.883314437
43,275.061413454
44,240.417926430
45,230.457923910
46,229.709939531
47,226.521164021
48,218.372071051
49,218.135865457


