Generation 
19

Number of individuals per generation
50

Population scaled variables 
0,0.0,0.0,12.5,0.0,12.5,12.5,0.0,12.5,
1,4.96031746032,4.96031746032,17.4603174603,4.96031746032,17.4603174603,17.4603174603,4.96031746032,17.4603174603,
2,4.96031746032,4.96031746032,17.4603174603,4.96031746032,17.4603174603,17.4603174603,4.96031746032,17.4603174603,
3,7.53968253968,7.53968253968,20.0396825397,7.53968253968,20.0396825397,20.0396825397,7.53968253968,20.0396825397,
4,3.17460317460,3.17460317460,15.6746031746,3.17460317460,15.6746031746,15.6746031746,3.17460317460,15.6746031746,
5,3.96825396825,3.96825396825,16.4682539683,3.96825396825,16.4682539683,16.4682539683,3.96825396825,16.4682539683,
6,5.35714285714,5.35714285714,17.8571428571,5.35714285714,17.8571428571,17.4603174603,5.35714285714,17.8571428571,
7,0.0,3.17460317460,15.6746031746,3.17460317460,15.6746031746,15.6746031746,3.17460317460,15.6746031746,
8,1.19047619048,1.19047619048,13.6904761905,1.19047619048,13.6904761905,13.6904761905,1.19047619048,13.6904761905,
9,0.793650793651,0.793650793651,13.2936507937,0.793650793651,13.2936507937,13.2936507937,0.793650793651,13.2936507937,
10,7.93650793651,7.93650793651,20.4365079365,7.93650793651,20.4365079365,20.6349206349,7.93650793651,20.4365079365,
11,6.54761904762,6.54761904762,19.0476190476,6.54761904762,18.8492063492,19.0476190476,6.54761904762,12.6984126984,
12,3.76984126984,3.76984126984,13.0952380952,3.76984126984,16.2698412698,16.2698412698,3.76984126984,16.2698412698,
13,1.38888888889,1.38888888889,13.8888888889,1.38888888889,13.8888888889,13.8888888889,1.38888888889,13.8888888889,
14,3.37301587302,3.37301587302,15.8730158730,3.37301587302,15.8730158730,15.8730158730,3.37301587302,15.8730158730,
15,7.93650793651,7.93650793651,20.4365079365,7.93650793651,20.8333333333,20.4365079365,7.93650793651,20.4365079365,
16,3.96825396825,3.96825396825,16.4682539683,3.96825396825,16.4682539683,16.4682539683,10.3174603175,16.4682539683,
17,3.96825396825,3.96825396825,16.4682539683,3.96825396825,16.6666666667,16.4682539683,3.96825396825,16.4682539683,
18,10.1190476190,3.76984126984,16.2698412698,3.76984126984,16.2698412698,16.2698412698,3.76984126984,16.2698412698,
19,5.55555555556,5.55555555556,18.0555555556,5.55555555556,18.0555555556,18.0555555556,2.38095238095,18.0555555556,
20,3.37301587302,3.37301587302,15.8730158730,3.37301587302,15.8730158730,15.8730158730,3.37301587302,15.8730158730,
21,4.96031746032,4.96031746032,17.4603174603,4.96031746032,17.4603174603,17.4603174603,4.96031746032,17.4603174603,
22,10.3174603175,10.3174603175,22.8174603175,10.3174603175,22.8174603175,22.8174603175,10.3174603175,19.6428571429,
23,1.58730158730,1.58730158730,14.0873015873,1.58730158730,14.0873015873,14.0873015873,1.58730158730,14.0873015873,
24,4.96031746032,4.96031746032,17.4603174603,4.96031746032,17.4603174603,17.4603174603,4.96031746032,17.4603174603,
25,4.96031746032,5.75396825397,17.4603174603,4.96031746032,17.4603174603,17.4603174603,4.96031746032,17.4603174603,
26,3.76984126984,3.76984126984,16.2698412698,3.76984126984,16.2698412698,16.2698412698,0.595238095238,16.2698412698,
27,3.96825396825,3.96825396825,16.4682539683,3.96825396825,16.6666666667,16.4682539683,4.16666666667,16.4682539683,
28,4.16666666667,4.16666666667,16.6666666667,3.96825396825,16.6666666667,16.6666666667,4.16666666667,16.6666666667,
29,10.7142857143,10.7142857143,23.2142857143,10.7142857143,23.2142857143,23.2142857143,10.7142857143,23.2142857143,
30,4.76190476190,4.76190476190,17.2619047619,11.1111111111,17.2619047619,17.2619047619,4.76190476190,17.2619047619,
31,10.3174603175,10.3174603175,22.8174603175,10.3174603175,22.8174603175,22.8174603175,10.3174603175,22.8174603175,
32,3.17460317460,3.17460317460,15.6746031746,3.17460317460,15.6746031746,12.5,3.17460317460,15.6746031746,
33,3.96825396825,3.96825396825,16.4682539683,3.96825396825,16.4682539683,16.8650793651,3.96825396825,16.4682539683,
34,3.96825396825,3.96825396825,16.4682539683,3.96825396825,22.8174603175,16.4682539683,3.96825396825,16.4682539683,
35,3.17460317460,3.17460317460,15.6746031746,3.17460317460,15.6746031746,15.6746031746,3.17460317460,15.6746031746,
36,5.75396825397,4.16666666667,16.6666666667,4.16666666667,16.6666666667,16.6666666667,4.56349206349,16.6666666667,
37,4.96031746032,4.96031746032,17.4603174603,4.96031746032,17.4603174603,17.4603174603,4.96031746032,17.4603174603,
38,4.96031746032,4.96031746032,17.4603174603,4.96031746032,17.4603174603,17.4603174603,4.96031746032,17.4603174603,
39,3.76984126984,3.76984126984,16.2698412698,3.76984126984,16.2698412698,16.2698412698,3.76984126984,16.2698412698,
40,3.76984126984,2.18253968254,19.0476190476,4.16666666667,24.4047619048,16.8650793651,0.396825396825,19.6428571429,
41,1.19047619048,4.96031746032,23.6111111111,1.78571428571,18.0555555556,18.4523809524,2.38095238095,19.6428571429,
42,10.3174603175,0.992063492063,18.8492063492,6.34920634921,24.0079365079,24.2063492063,2.18253968254,20.4365079365,
43,6.54761904762,0.793650793651,13.0952380952,0.0,23.4126984127,14.2857142857,2.57936507937,24.2063492063,
44,1.38888888889,7.34126984127,22.8174603175,7.93650793651,19.4444444444,21.6269841270,9.72222222222,24.2063492063,
45,7.93650793651,2.18253968254,22.2222222222,0.992063492063,18.2539682540,17.0634920635,5.55555555556,21.6269841270,
46,3.96825396825,10.7142857143,23.2142857143,0.198412698413,24.4047619048,17.4603174603,0.793650793651,15.2777777778,
47,3.96825396825,9.12698412698,22.6190476190,3.37301587302,24.6031746032,16.6666666667,0.0,17.0634920635,
48,4.96031746032,1.78571428571,23.8095238095,4.96031746032,17.4603174603,17.4603174603,4.96031746032,17.4603174603,
49,3.17460317460,11.1111111111,19.0476190476,3.37301587302,21.0317460317,19.4444444444,5.75396825397,21.6269841270,

Population fitness value 
0,156.25
1,156.25
2,156.25
3,156.25
4,156.25
5,156.25
6,153.769841270
7,176.091269841
8,156.25
9,156.25
10,157.490079365
11,115.957262535
12,136.408730159
13,156.25
14,156.25
15,158.730158730
16,116.567460317
17,157.490079365
18,116.567460317
19,176.091269841
20,156.25
21,156.25
22,136.408730159
23,156.25
24,156.25
25,151.289682540
26,176.091269841
27,156.25
28,157.490079365
29,156.25
30,116.567460317
31,156.25
32,136.408730159
33,158.730158730
34,195.932539683
35,156.25
36,143.849206349
37,156.25
38,156.25
39,156.25
40,296.595490048
41,293.800390527
42,289.883314437
43,275.061413454
44,240.417926430
45,230.457923910
46,229.709939531
47,226.521164021
48,225.851914840
49,218.372071051


