Generation 
30

Number of individuals per generation
200

Population scaled variables 
0,6.56862745098,6.47058823529,8.13725490196,6.56862745098,10.0980392157,6.56862745098,6.56862745098,19.1176470588,
1,23.5294117647,23.6274509804,23.6274509804,23.6274509804,23.6274509804,23.6274509804,23.6274509804,23.6274509804,
2,18.9215686275,13.4313725490,18.9215686275,18.9215686275,19.3137254902,19.3137254902,18.8235294118,18.9215686275,
3,10.7843137255,24.9019607843,17.0588235294,24.5098039216,23.2352941176,10.7843137255,24.5098039216,23.1372549020,
4,14.1176470588,14.1176470588,1.56862745098,14.1176470588,1.56862745098,1.56862745098,18.0392156863,14.1176470588,
5,9.70588235294,9.60784313725,9.70588235294,9.70588235294,9.70588235294,10.4901960784,9.70588235294,9.70588235294,
6,15.0,15.0,15.2941176471,15.0,14.9019607843,21.8627450980,18.1372549020,15.3921568627,
7,1.66666666667,2.45098039216,7.94117647059,2.05882352941,6.37254901961,8.13725490196,1.66666666667,1.56862745098,
8,0.0,0.0,0.0,1.56862745098,0.196078431373,3.13725490196,1.56862745098,0.0,
9,18.7254901961,18.7254901961,15.3921568627,18.3333333333,18.7254901961,18.7254901961,15.5882352941,25.0,
10,3.23529411765,3.43137254902,9.70588235294,3.43137254902,3.82352941176,10.0980392157,3.43137254902,3.92156862745,
11,11.2745098039,11.0784313725,11.4705882353,10.9803921569,11.2745098039,7.94117647059,11.0784313725,7.94117647059,
12,0.78431372549,16.5686274510,0.78431372549,13.3333333333,13.4313725490,13.3333333333,13.9215686275,16.8627450980,
13,5.39215686275,6.17647058824,18.7254901961,5.19607843137,5.19607843137,5.39215686275,5.39215686275,2.25490196078,
14,11.2745098039,11.2745098039,11.5686274510,11.2745098039,12.0588235294,5.0,11.2745098039,12.0588235294,
15,0.686274509804,0.686274509804,0.686274509804,0.686274509804,0.686274509804,3.62745098039,0.686274509804,16.3725490196,
16,8.33333333333,11.4705882353,9.11764705882,2.05882352941,8.33333333333,6.76470588235,8.33333333333,6.76470588235,
17,24.4117647059,21.6666666667,24.4117647059,24.4117647059,24.4117647059,24.4117647059,21.2745098039,24.4117647059,
18,21.5686274510,24.7058823529,21.5686274510,21.6666666667,21.6666666667,21.5686274510,21.5686274510,21.5686274510,
19,14.6078431373,21.0784313725,20.2941176471,20.8823529412,20.8823529412,24.2156862745,21.0784313725,20.9803921569,
20,5.78431372549,5.68627450980,5.29411764706,2.54901960784,4.11764705882,3.33333333333,3.33333333333,5.68627450980,
21,8.23529411765,6.66666666667,6.66666666667,6.66666666667,1.27450980392,6.66666666667,6.66666666667,6.66666666667,
22,15.6862745098,15.6862745098,18.5294117647,15.6862745098,15.6862745098,12.5490196078,15.8823529412,17.2549019608,
23,23.8235294118,14.3137254902,20.6862745098,14.8039215686,17.5490196078,14.4117647059,14.4117647059,14.4117647059,
24,23.7254901961,11.9607843137,23.7254901961,23.7254901961,22.9411764706,19.0196078431,17.4509803922,23.7254901961,
25,15.6862745098,21.9607843137,22.7450980392,15.6862745098,9.41176470588,21.9607843137,22.1568627451,21.9607843137,
26,22.6470588235,22.6470588235,22.6470588235,22.6470588235,24.2156862745,22.6470588235,22.6470588235,19.5098039216,
27,23.5294117647,19.0196078431,22.5490196078,22.6470588235,19.4117647059,23.3333333333,22.5490196078,19.4117647059,
28,4.90196078431,2.15686274510,5.29411764706,5.29411764706,5.29411764706,24.9019607843,2.15686274510,5.29411764706,
29,11.5686274510,23.7254901961,17.4509803922,23.7254901961,23.7254901961,23.7254901961,23.7254901961,23.7254901961,
30,21.3725490196,19.8039215686,21.3725490196,20.5882352941,21.3725490196,21.1764705882,24.5098039216,21.3725490196,
31,18.9215686275,22.0588235294,22.0588235294,22.3529411765,22.0588235294,22.0588235294,9.41176470588,22.2549019608,
32,16.5686274510,15.6862745098,16.4705882353,16.4705882353,18.0392156863,3.92156862745,16.4705882353,15.6862745098,
33,24.4117647059,24.4117647059,23.6274509804,11.4705882353,24.7058823529,22.0588235294,24.4117647059,22.8431372549,
34,22.8431372549,10.2941176471,22.8431372549,19.6078431373,19.9019607843,16.5686274510,22.8431372549,22.8431372549,
35,18.0392156863,18.1372549020,17.4509803922,18.0392156863,18.2352941176,24.3137254902,18.0392156863,18.0392156863,
36,6.56862745098,0.686274509804,0.686274509804,0.686274509804,3.82352941176,2.25490196078,4.60784313725,0.490196078431,
37,17.2549019608,17.2549019608,18.0392156863,4.70588235294,17.3529411765,23.6274509804,5.09803921569,14.1176470588,
38,18.2352941176,16.6666666667,16.6666666667,16.6666666667,16.6666666667,16.6666666667,16.6666666667,16.6666666667,
39,23.8235294118,23.7254901961,17.5490196078,23.8235294118,23.8235294118,23.8235294118,23.8235294118,11.2745098039,
40,21.2745098039,15.3921568627,18.1372549020,15.0,21.2745098039,15.3921568627,18.1372549020,15.0,
41,10.9803921569,10.9803921569,8.62745098039,10.9803921569,10.9803921569,10.9803921569,5.09803921569,10.9803921569,
42,6.37254901961,6.37254901961,6.76470588235,8.33333333333,6.37254901961,6.37254901961,6.37254901961,6.37254901961,
43,2.05882352941,0.0980392156863,2.05882352941,8.33333333333,0.490196078431,0.490196078431,0.490196078431,0.490196078431,
44,11.2745098039,11.2745098039,8.43137254902,5.0,11.2745098039,17.5490196078,11.2745098039,11.2745098039,
45,23.7254901961,24.5098039216,24.5098039216,24.5098039216,24.5098039216,8.82352941176,24.6078431373,24.3137254902,
46,12.8431372549,12.8431372549,12.8431372549,12.8431372549,12.5490196078,13.6274509804,19.9019607843,12.7450980392,
47,9.50980392157,9.50980392157,6.47058823529,9.50980392157,9.80392156863,9.50980392157,9.90196078431,10.6862745098,
48,9.31372549020,7.74509803922,7.74509803922,7.74509803922,7.54901960784,7.74509803922,10.8823529412,19.5098039216,
49,19.3137254902,13.0392156863,13.0392156863,2.25490196078,13.0392156863,13.0392156863,13.0392156863,13.0392156863,
50,11.3725490196,11.3725490196,10.9803921569,5.29411764706,11.3725490196,11.3725490196,11.4705882353,11.3725490196,
51,8.13725490196,8.13725490196,8.13725490196,8.03921568627,8.52941176471,8.13725490196,8.13725490196,8.52941176471,
52,11.1764705882,11.1764705882,11.5686274510,11.1764705882,11.1764705882,11.1764705882,11.1764705882,10.9803921569,
53,20.3921568627,12.5490196078,12.9411764706,12.5490196078,12.5490196078,0.0,15.6862745098,12.5490196078,
54,13.0392156863,13.0392156863,13.0392156863,13.0392156863,13.0392156863,16.1764705882,13.0392156863,13.0392156863,
55,22.6470588235,22.4509803922,19.5098039216,22.5490196078,22.6470588235,22.6470588235,22.6470588235,22.6470588235,
56,8.62745098039,6.27450980392,0.0,6.27450980392,6.27450980392,6.37254901961,18.8235294118,6.27450980392,
57,18.7254901961,18.3333333333,18.7254901961,18.7254901961,18.7254901961,17.1568627451,18.3333333333,6.17647058824,
58,2.25490196078,11.6666666667,8.52941176471,8.52941176471,8.52941176471,8.52941176471,8.52941176471,8.52941176471,
59,23.4313725490,16.3725490196,16.3725490196,22.6470588235,22.5490196078,22.6470588235,22.6470588235,23.6274509804,
60,16.2745098039,3.72549019608,16.2745098039,16.2745098039,16.2745098039,17.4509803922,16.3725490196,23.3333333333,
61,22.2549019608,15.9803921569,22.2549019608,21.9607843137,23.8235294118,22.6470588235,22.2549019608,22.2549019608,
62,11.8627450980,12.2549019608,5.98039215686,12.2549019608,12.2549019608,12.2549019608,9.11764705882,12.2549019608,
63,8.33333333333,1.96078431373,7.94117647059,8.33333333333,8.33333333333,2.05882352941,8.33333333333,8.33333333333,
64,20.5882352941,20.3921568627,14.9019607843,20.5882352941,20.3921568627,14.1176470588,20.4901960784,20.3921568627,
65,20.6862745098,21.3725490196,21.4705882353,21.3725490196,21.7647058824,21.3725490196,15.0980392157,15.0980392157,
66,4.70588235294,3.13725490196,3.13725490196,3.13725490196,3.13725490196,3.13725490196,3.13725490196,9.41176470588,
67,2.84313725490,2.84313725490,13.8235294118,2.84313725490,2.84313725490,15.2941176471,2.84313725490,2.84313725490,
68,11.9607843137,11.9607843137,5.68627450980,11.9607843137,12.0588235294,23.7254901961,11.9607843137,11.9607843137,
69,8.23529411765,5.09803921569,2.15686274510,2.15686274510,2.15686274510,2.15686274510,14.7058823529,0.686274509804,
70,13.8235294118,13.0392156863,1.27450980392,13.1372549020,13.0392156863,13.0392156863,13.0392156863,13.0392156863,
71,17.7450980392,17.3529411765,5.0,15.9803921569,17.5490196078,23.8235294118,14.4117647059,17.5490196078,
72,8.03921568627,7.84313725490,7.84313725490,1.56862745098,7.84313725490,1.56862745098,8.23529411765,8.62745098039,
73,2.15686274510,2.25490196078,2.05882352941,14.8039215686,2.25490196078,8.43137254902,14.8039215686,3.03921568627,
74,14.0196078431,16.7647058824,14.0196078431,14.0196078431,14.0196078431,4.60784313725,14.0196078431,14.0196078431,
75,14.1176470588,12.5490196078,14.1176470588,17.2549019608,20.3921568627,14.1176470588,14.1176470588,14.5098039216,
76,5.09803921569,9.80392156863,11.3725490196,23.9215686275,24.1176470588,9.41176470588,10.9803921569,10.9803921569,
77,2.94117647059,6.07843137255,4.50980392157,8.82352941176,5.88235294118,9.21568627451,6.07843137255,6.07843137255,
78,2.25490196078,14.8039215686,14.8039215686,15.5882352941,14.7058823529,14.8039215686,14.8039215686,15.5882352941,
79,17.4509803922,18.2352941176,17.4509803922,17.4509803922,18.6274509804,17.4509803922,17.4509803922,17.2549019608,
80,8.43137254902,8.43137254902,8.43137254902,6.47058823529,8.43137254902,8.43137254902,8.43137254902,2.15686274510,
81,10.0,10.0,10.0,9.80392156863,6.86274509804,6.86274509804,10.0,11.5686274510,
82,1.27450980392,0.392156862745,1.27450980392,0.78431372549,3.13725490196,0.196078431373,1.17647058824,1.27450980392,
83,10.0980392157,8.52941176471,10.6862745098,6.96078431373,6.96078431373,8.43137254902,2.25490196078,6.56862745098,
84,11.9607843137,11.9607843137,5.68627450980,11.9607843137,22.9411764706,11.9607843137,8.82352941176,12.0588235294,
85,13.6274509804,16.6666666667,13.4313725490,13.4313725490,12.6470588235,18.3333333333,13.6274509804,13.6274509804,
86,2.05882352941,1.96078431373,5.19607843137,5.19607843137,5.19607843137,17.7450980392,5.39215686275,9.90196078431,
87,3.62745098039,3.62745098039,3.62745098039,3.23529411765,3.62745098039,3.13725490196,9.90196078431,3.62745098039,
88,11.2745098039,11.2745098039,8.13725490196,11.2745098039,11.2745098039,8.03921568627,11.2745098039,11.2745098039,
89,4.90196078431,21.3725490196,8.03921568627,8.03921568627,8.03921568627,8.03921568627,8.03921568627,14.3137254902,
90,16.8627450980,16.8627450980,16.8627450980,18.4313725490,4.31372549020,13.7254901961,16.8627450980,23.1372549020,
91,20.2941176471,16.9607843137,13.4313725490,13.2352941176,13.8235294118,13.0392156863,14.5098039216,15.3921568627,
92,24.9019607843,24.9019607843,23.3333333333,24.9019607843,24.9019607843,24.9019607843,25.0,24.9019607843,
93,18.3333333333,24.6078431373,24.6078431373,24.6078431373,23.7254901961,24.6078431373,25.0,18.3333333333,
94,12.3529411765,24.5098039216,10.8823529412,5.68627450980,11.9607843137,12.0588235294,11.9607843137,11.9607843137,
95,13.7254901961,15.0,21.6666666667,15.5882352941,21.6666666667,2.84313725490,15.5882352941,15.3921568627,
96,23.2352941176,22.4509803922,22.4509803922,24.0196078431,22.4509803922,22.4509803922,22.0588235294,22.4509803922,
97,8.52941176471,11.4705882353,11.4705882353,11.4705882353,5.98039215686,11.6666666667,11.4705882353,11.4705882353,
98,1.17647058824,0.392156862745,0.392156862745,0.0,0.392156862745,0.392156862745,12.9411764706,0.392156862745,
99,11.1764705882,4.70588235294,9.41176470588,10.9803921569,10.9803921569,10.9803921569,7.84313725490,4.70588235294,
100,11.7647058824,11.8627450980,12.1568627451,11.7647058824,10.1960784314,24.3137254902,11.1764705882,11.3725490196,
101,21.9607843137,24.7058823529,11.3725490196,22.3529411765,22.3529411765,9.80392156863,22.3529411765,23.1372549020,
102,12.4509803922,6.17647058824,6.17647058824,12.4509803922,25.0,9.31372549020,25.0,12.4509803922,
103,19.2156862745,0.392156862745,9.80392156863,6.66666666667,6.66666666667,6.66666666667,6.66666666667,6.66666666667,
104,8.52941176471,11.6666666667,11.6666666667,11.6666666667,10.0980392157,11.6666666667,11.6666666667,11.2745098039,
105,19.2156862745,20.3921568627,18.8235294118,18.8235294118,20.3921568627,19.0196078431,6.27450980392,19.2156862745,
106,12.5490196078,13.4313725490,12.5490196078,12.9411764706,13.3333333333,12.5490196078,12.9411764706,19.4117647059,
107,19.4117647059,19.4117647059,19.3137254902,22.5490196078,20.1960784314,19.2156862745,19.4117647059,19.0196078431,
108,5.09803921569,11.3725490196,11.3725490196,11.2745098039,11.3725490196,8.23529411765,12.1568627451,11.3725490196,
109,22.6470588235,22.4509803922,16.3725490196,22.6470588235,17.1568627451,22.6470588235,24.3137254902,23.4313725490,
110,0.588235294118,13.1372549020,13.1372549020,12.7450980392,13.1372549020,13.1372549020,13.1372549020,14.7058823529,
111,10.6862745098,10.6862745098,10.6862745098,10.6862745098,10.8823529412,23.2352941176,10.6862745098,4.41176470588,
112,11.7647058824,11.7647058824,11.9607843137,11.9607843137,11.1764705882,11.9607843137,24.5098039216,5.68627450980,
113,14.7058823529,14.7058823529,14.7058823529,14.7058823529,14.7058823529,14.3137254902,2.15686274510,14.7058823529,
114,22.2549019608,15.8823529412,15.8823529412,15.8823529412,22.1568627451,15.8823529412,15.8823529412,15.8823529412,
115,10.4901960784,4.21568627451,10.4901960784,10.3921568627,8.92156862745,10.4901960784,10.1960784314,10.4901960784,
116,13.6274509804,13.6274509804,13.6274509804,12.7450980392,13.6274509804,13.6274509804,13.6274509804,15.1960784314,
117,6.66666666667,6.66666666667,8.03921568627,6.66666666667,6.66666666667,6.66666666667,6.66666666667,6.66666666667,
118,3.92156862745,9.41176470588,10.1960784314,10.3921568627,5.49019607843,22.7450980392,10.1960784314,10.1960784314,
119,19.1176470588,18.9215686275,18.9215686275,22.0588235294,18.9215686275,19.1176470588,19.5098039216,18.9215686275,
120,5.39215686275,17.9411764706,5.39215686275,4.90196078431,5.0,5.0,5.0,2.25490196078,
121,21.5686274510,21.5686274510,20.0,21.5686274510,15.2941176471,21.5686274510,20.0,21.5686274510,
122,11.0784313725,23.6274509804,11.4705882353,10.9803921569,11.0784313725,10.9803921569,11.0784313725,11.8627450980,
123,9.80392156863,23.2352941176,3.62745098039,11.4705882353,10.6862745098,6.76470588235,10.6862745098,9.50980392157,
124,12.0588235294,10.4901960784,12.4509803922,12.0588235294,10.4901960784,12.0588235294,12.0588235294,11.2745098039,
125,21.5686274510,21.7647058824,21.7647058824,21.7647058824,15.4901960784,15.4901960784,15.4901960784,21.7647058824,
126,14.4117647059,17.9411764706,14.2156862745,14.4117647059,14.4117647059,14.4117647059,14.8039215686,14.4117647059,
127,18.2352941176,18.2352941176,18.0392156863,16.6666666667,24.5098039216,18.2352941176,18.7254901961,18.2352941176,
128,21.8627450980,21.6666666667,21.5686274510,21.6666666667,21.6666666667,21.6666666667,24.8039215686,24.8039215686,
129,22.6470588235,3.82352941176,5.39215686275,3.82352941176,3.82352941176,3.72549019608,3.82352941176,3.82352941176,
130,8.72549019608,21.2745098039,8.92156862745,21.2745098039,8.72549019608,21.2745098039,8.72549019608,8.72549019608,
131,24.0196078431,24.0196078431,24.0196078431,24.0196078431,24.0196078431,24.0196078431,11.6666666667,24.0196078431,
132,15.9803921569,12.8431372549,12.8431372549,13.2352941176,12.8431372549,13.2352941176,0.294117647059,12.8431372549,
133,6.56862745098,8.13725490196,6.96078431373,6.47058823529,0.686274509804,6.96078431373,6.56862745098,0.294117647059,
134,3.82352941176,0.686274509804,0.686274509804,1.47058823529,6.96078431373,0.686274509804,0.686274509804,0.686274509804,
135,18.3333333333,18.3333333333,5.68627450980,23.7254901961,18.6274509804,16.6666666667,18.2352941176,22.7450980392,
136,18.4313725490,18.4313725490,16.8627450980,5.88235294118,18.4313725490,18.4313725490,18.4313725490,5.88235294118,
137,22.4509803922,9.90196078431,11.4705882353,9.80392156863,9.50980392157,9.90196078431,9.90196078431,9.90196078431,
138,20.8823529412,20.8823529412,20.8823529412,24.0196078431,20.8823529412,2.05882352941,20.8823529412,24.0196078431,
139,24.4117647059,18.3333333333,24.6078431373,23.8235294118,16.7647058824,24.6078431373,24.6078431373,24.6078431373,
140,3.52941176471,9.80392156863,10.0,9.41176470588,3.52941176471,9.80392156863,9.80392156863,22.3529411765,
141,20.3921568627,20.3921568627,20.3921568627,20.3921568627,20.3921568627,20.3921568627,20.3921568627,20.3921568627,
142,19.4117647059,21.0784313725,21.0784313725,20.9803921569,14.7058823529,20.9803921569,20.9803921569,20.9803921569,
143,3.23529411765,15.7843137255,9.50980392157,9.50980392157,5.09803921569,9.50980392157,3.23529411765,9.50980392157,
144,21.8627450980,18.1372549020,25.0,21.8627450980,17.1568627451,25.0,25.0,25.0,
145,4.21568627451,10.4901960784,16.7647058824,0.980392156863,4.21568627451,3.43137254902,4.01960784314,4.60784313725,
146,14.3137254902,14.3137254902,14.3137254902,1.76470588235,13.1372549020,14.3137254902,12.7450980392,14.3137254902,
147,5.0,1.86274509804,5.0,1.86274509804,5.0,5.0,5.0,11.2745098039,
148,16.6666666667,10.3921568627,16.6666666667,16.6666666667,16.6666666667,16.6666666667,16.6666666667,16.6666666667,
149,8.33333333333,8.52941176471,8.52941176471,8.52941176471,8.52941176471,2.15686274510,8.13725490196,8.52941176471,
150,12.8431372549,12.8431372549,12.8431372549,12.7450980392,12.8431372549,12.8431372549,12.7450980392,13.0392156863,
151,21.0784313725,14.4117647059,24.2156862745,21.0784313725,22.6470588235,21.0784313725,21.0784313725,20.6862745098,
152,5.68627450980,6.17647058824,5.68627450980,5.68627450980,11.9607843137,24.5098039216,5.68627450980,5.68627450980,
153,9.70588235294,6.56862745098,9.70588235294,9.50980392157,9.70588235294,9.60784313725,9.70588235294,9.70588235294,
154,1.17647058824,4.41176470588,0.686274509804,2.84313725490,1.27450980392,13.8235294118,1.27450980392,1.27450980392,
155,22.1568627451,22.1568627451,22.5490196078,22.1568627451,22.1568627451,9.60784313725,22.1568627451,22.5490196078,
156,6.76470588235,13.0392156863,6.76470588235,6.76470588235,6.76470588235,6.76470588235,9.90196078431,8.33333333333,
157,5.29411764706,0.588235294118,0.196078431373,0.686274509804,0.588235294118,0.588235294118,0.588235294118,0.588235294118,
158,18.4313725490,18.4313725490,24.7058823529,18.4313725490,18.4313725490,18.4313725490,18.0392156863,4.31372549020,
159,10.6862745098,9.90196078431,9.90196078431,9.90196078431,10.0980392157,9.90196078431,9.90196078431,3.52941176471,
160,21.1764705882,20.3921568627,18.8235294118,7.84313725490,20.3921568627,23.5294117647,21.2745098039,20.3921568627,
161,6.37254901961,6.37254901961,7.94117647059,7.54901960784,6.37254901961,18.9215686275,6.37254901961,9.90196078431,
162,18.9215686275,22.5490196078,19.5098039216,13.2352941176,19.5098039216,13.2352941176,19.5098039216,22.5490196078,
163,21.2745098039,8.13725490196,11.0784313725,8.72549019608,8.62745098039,7.15686274510,2.64705882353,7.94117647059,
164,16.3725490196,16.3725490196,16.3725490196,13.2352941176,15.9803921569,16.3725490196,16.2745098039,16.3725490196,
165,8.33333333333,9.11764705882,7.54901960784,9.11764705882,9.31372549020,21.6666666667,8.72549019608,9.11764705882,
166,3.23529411765,3.92156862745,15.6862745098,3.13725490196,3.13725490196,3.92156862745,3.13725490196,3.13725490196,
167,23.2352941176,20.0980392157,21.6666666667,20.0980392157,20.0980392157,13.8235294118,20.0980392157,7.54901960784,
168,2.25490196078,14.8039215686,2.05882352941,2.25490196078,2.25490196078,2.25490196078,5.29411764706,1.86274509804,
169,23.8235294118,23.7254901961,23.8235294118,22.0588235294,23.8235294118,23.8235294118,23.8235294118,11.2745098039,
170,9.60784313725,6.86274509804,6.76470588235,3.33333333333,8.03921568627,6.47058823529,6.86274509804,19.0196078431,
171,3.72549019608,6.96078431373,3.82352941176,10.0980392157,10.0980392157,6.96078431373,9.90196078431,9.90196078431,
172,15.7843137255,16.1764705882,3.23529411765,11.4705882353,3.62745098039,3.52941176471,3.62745098039,16.1764705882,
173,19.3137254902,19.3137254902,22.4509803922,22.4509803922,22.4509803922,22.4509803922,22.0588235294,22.4509803922,
174,5.0,4.70588235294,4.80392156863,11.0784313725,1.86274509804,4.80392156863,4.80392156863,4.80392156863,
175,9.70588235294,9.50980392157,6.56862745098,6.96078431373,9.70588235294,6.56862745098,6.56862745098,6.37254901961,
176,20.5882352941,20.3921568627,18.8235294118,20.3921568627,7.84313725490,20.3921568627,20.5882352941,20.3921568627,
177,5.0,17.5490196078,5.0,14.4117647059,17.5490196078,17.5490196078,17.5490196078,17.5490196078,
178,23.9215686275,24.0196078431,20.8823529412,24.0196078431,24.0196078431,11.4705882353,22.4509803922,24.0196078431,
179,20.8823529412,15.3921568627,20.8823529412,20.8823529412,20.8823529412,20.8823529412,20.8823529412,20.8823529412,
180,17.8431372549,17.8431372549,5.29411764706,17.8431372549,17.8431372549,17.8431372549,23.9215686275,14.8039215686,
181,0.490196078431,0.490196078431,0.686274509804,0.686274509804,3.43137254902,0.686274509804,1.07843137255,0.686274509804,
182,19.3137254902,19.5098039216,22.4509803922,22.4509803922,22.4509803922,22.4509803922,22.4509803922,22.4509803922,
183,4.01960784314,4.01960784314,3.23529411765,4.01960784314,5.58823529412,4.01960784314,10.2941176471,5.58823529412,
184,14.6078431373,2.05882352941,2.05882352941,2.05882352941,1.56862745098,2.05882352941,2.05882352941,2.05882352941,
185,7.35294117647,7.25490196078,7.74509803922,7.64705882353,7.74509803922,1.47058823529,7.74509803922,7.74509803922,
186,7.74509803922,10.8823529412,1.47058823529,7.35294117647,10.8823529412,7.74509803922,20.2941176471,9.31372549020,
187,9.21568627451,5.39215686275,8.43137254902,11.5686274510,8.43137254902,6.86274509804,11.3725490196,8.43137254902,
188,19.4117647059,0.588235294118,19.4117647059,19.4117647059,19.4117647059,19.4117647059,16.2745098039,19.4117647059,
189,15.8823529412,15.8823529412,15.6862745098,3.13725490196,15.8823529412,22.1568627451,15.8823529412,15.7843137255,
190,2.84313725490,5.98039215686,5.98039215686,6.17647058824,5.98039215686,5.98039215686,5.58823529412,5.19607843137,
191,11.0784313725,20.0,13.7254901961,22.8431372549,13.7254901961,6.56862745098,12.9411764706,3.72549019608,
192,11.2745098039,15.4901960784,9.01960784314,22.4509803922,6.86274509804,1.07843137255,5.88235294118,13.9215686275,
193,22.0588235294,12.9411764706,7.25490196078,6.17647058824,9.70588235294,1.47058823529,7.15686274510,7.05882352941,
194,0.686274509804,10.0980392157,10.1960784314,12.5490196078,0.490196078431,9.01960784314,12.2549019608,21.8627450980,
195,22.4509803922,3.03921568627,2.54901960784,20.0980392157,14.9019607843,14.9019607843,5.78431372549,24.9019607843,
196,8.52941176471,11.3725490196,24.4117647059,8.33333333333,14.9019607843,4.60784313725,16.6666666667,5.88235294118,
197,15.8823529412,23.7254901961,24.5098039216,5.78431372549,20.4901960784,20.0980392157,1.47058823529,16.1764705882,
198,6.56862745098,0.294117647059,1.27450980392,24.9019607843,4.11764705882,9.21568627451,4.31372549020,14.1176470588,
199,20.3921568627,9.70588235294,13.3333333333,4.31372549020,0.294117647059,12.3529411765,22.2549019608,24.3137254902,

Population fitness value 
0,0
1,0
2,0
3,0
4,0
5,0
6,0
7,0
8,0
9,0
10,0
11,0
12,0
13,0
14,0
15,0
16,0
17,0
18,0
19,0
20,0
21,0
22,0
23,0
24,0
25,0
26,0
27,0
28,0
29,0
30,0
31,0
32,0
33,0
34,0
35,0
36,0
37,0
38,0
39,0
40,0
41,0
42,0
43,0
44,0
45,0
46,0
47,0
48,0
49,0
50,0
51,0
52,0
53,0
54,0
55,0
56,0
57,0
58,0
59,0
60,0
61,0
62,0
63,0
64,0
65,0
66,0
67,0
68,0
69,0
70,0
71,0
72,0
73,0
74,0
75,0
76,0
77,0
78,0
79,0
80,0
81,0
82,0
83,0
84,0
85,0
86,0
87,0
88,0
89,0
90,0
91,0
92,0
93,0
94,0
95,0
96,0
97,0
98,0
99,0
100,0
101,0
102,0
103,0
104,0
105,0
106,0
107,0
108,0
109,0
110,0
111,0
112,0
113,0
114,0
115,0
116,0
117,0
118,0
119,0
120,0
121,0
122,0
123,0
124,0
125,0
126,0
127,0
128,0
129,0
130,0
131,0
132,0
133,0
134,0
135,0
136,0
137,0
138,0
139,0
140,0
141,0
142,0
143,0
144,0
145,0
146,0
147,0
148,0
149,0
150,0
151,0
152,0
153,0
154,0
155,0
156,0
157,0
158,0
159,0
160,0
161,0
162,0
163,0
164,0
165,0
166,0
167,0
168,0
169,0
170,0
171,0
172,0
173,0
174,0
175,0
176,0
177,0
178,0
179,0
180,0
181,0
182,0
183,0
184,0
185,0
186,0
187,0
188,0
189,0
190,0
191,0
192,0
193,0
194,0
195,0
196,0
197,0
198,0
199,0


