Generation 
59

Number of individuals per generation
200

Population scaled variables 
0,16.6666666667,22.9411764706,16.6666666667,18.2352941176,17.0588235294,16.6666666667,15.8823529412,16.6666666667,
1,24.4117647059,11.8627450980,11.8627450980,24.4117647059,11.8627450980,11.8627450980,10.2941176471,22.8431372549,
2,15.6862745098,16.0784313725,15.6862745098,15.6862745098,21.9607843137,15.8823529412,15.6862745098,15.6862745098,
3,17.5490196078,14.4117647059,14.8039215686,14.4117647059,14.4117647059,1.47058823529,14.4117647059,14.4117647059,
4,19.4117647059,20.1960784314,19.8039215686,16.2745098039,20.2941176471,19.5098039216,7.64705882353,20.1960784314,
5,7.45098039216,8.23529411765,7.45098039216,1.17647058824,10.5882352941,7.45098039216,7.54901960784,1.17647058824,
6,8.13725490196,8.03921568627,8.03921568627,8.03921568627,8.03921568627,8.03921568627,8.03921568627,8.03921568627,
7,22.8431372549,19.7058823529,23.2352941176,23.0392156863,22.8431372549,22.8431372549,22.8431372549,24.4117647059,
8,6.86274509804,11.5686274510,6.86274509804,6.86274509804,10.0,6.86274509804,6.47058823529,6.86274509804,
9,0.588235294118,3.33333333333,0.588235294118,0.588235294118,0.588235294118,0.588235294118,5.29411764706,0.588235294118,
10,23.5294117647,24.3137254902,23.5294117647,23.6274509804,23.5294117647,23.7254901961,24.3137254902,23.5294117647,
11,16.4705882353,13.9215686275,4.11764705882,4.11764705882,16.4705882353,16.6666666667,16.6666666667,13.5294117647,
12,19.5098039216,19.5098039216,19.1176470588,19.1176470588,19.1176470588,6.56862745098,19.1176470588,19.4117647059,
13,12.0588235294,12.0588235294,12.0588235294,12.2549019608,12.4509803922,12.0588235294,12.0588235294,12.0588235294,
14,4.90196078431,5.0,5.0,5.0,5.0,5.0,5.0,4.90196078431,
15,8.52941176471,11.6666666667,8.52941176471,21.0784313725,9.11764705882,8.52941176471,8.13725490196,8.52941176471,
16,8.33333333333,8.52941176471,9.11764705882,2.05882352941,8.33333333333,6.76470588235,20.8823529412,8.33333333333,
17,4.41176470588,1.17647058824,4.41176470588,1.27450980392,5.88235294118,4.41176470588,4.41176470588,4.41176470588,
18,18.0392156863,17.6470588235,13.3333333333,18.4313725490,24.8039215686,24.7058823529,9.01960784314,15.2941176471,
19,20.6862745098,20.6862745098,20.6862745098,20.3921568627,20.6862745098,17.5490196078,20.6862745098,20.6862745098,
20,20.0980392157,23.2352941176,20.0980392157,20.0980392157,21.6666666667,20.0980392157,23.2352941176,19.7058823529,
21,7.35294117647,19.9019607843,13.6274509804,7.35294117647,19.9019607843,19.7058823529,10.4901960784,13.6274509804,
22,0.0980392156863,0.0980392156863,0.0980392156863,3.23529411765,0.0980392156863,0.0980392156863,3.23529411765,0.0980392156863,
23,23.5294117647,20.3921568627,23.5294117647,23.7254901961,23.5294117647,11.3725490196,23.5294117647,23.7254901961,
24,7.15686274510,7.15686274510,7.15686274510,7.15686274510,7.15686274510,7.35294117647,7.05882352941,19.9019607843,
25,15.9803921569,15.8823529412,15.8823529412,15.8823529412,23.8235294118,15.6862745098,12.7450980392,4.90196078431,
26,0.294117647059,0.294117647059,12.8431372549,1.86274509804,0.294117647059,12.8431372549,1.07843137255,0.294117647059,
27,24.8039215686,24.8039215686,24.8039215686,24.8039215686,24.8039215686,24.8039215686,23.6274509804,12.2549019608,
28,12.7450980392,12.8431372549,15.8823529412,17.4509803922,12.7450980392,12.7450980392,12.7450980392,13.5294117647,
29,1.47058823529,0.686274509804,3.03921568627,1.47058823529,14.0196078431,7.74509803922,1.47058823529,4.60784313725,
30,2.74509803922,5.58823529412,15.3921568627,2.84313725490,8.33333333333,2.84313725490,2.84313725490,2.84313725490,
31,7.35294117647,1.07843137255,6.37254901961,13.5294117647,1.47058823529,1.07843137255,1.07843137255,1.07843137255,
32,22.8431372549,15.7843137255,15.9803921569,9.50980392157,3.23529411765,15.9803921569,15.6862745098,15.7843137255,
33,19.0196078431,20.7843137255,19.4117647059,22.1568627451,19.4117647059,19.4117647059,22.6470588235,19.4117647059,
34,5.58823529412,8.92156862745,11.8627450980,8.72549019608,5.58823529412,24.4117647059,11.8627450980,12.0588235294,
35,10.5882352941,0.392156862745,6.66666666667,19.2156862745,9.80392156863,6.86274509804,8.23529411765,6.66666666667,
36,3.72549019608,3.72549019608,3.72549019608,3.72549019608,16.3725490196,3.72549019608,3.72549019608,3.72549019608,
37,6.27450980392,11.7647058824,7.84313725490,6.27450980392,7.84313725490,7.84313725490,7.84313725490,7.84313725490,
38,11.2745098039,9.70588235294,9.60784313725,8.13725490196,5.0,22.2549019608,11.2745098039,11.2745098039,
39,4.11764705882,4.11764705882,0.980392156863,0.980392156863,0.980392156863,10.3921568627,4.21568627451,3.33333333333,
40,6.56862745098,6.56862745098,6.37254901961,19.1176470588,6.56862745098,8.52941176471,7.94117647059,6.56862745098,
41,23.6274509804,23.6274509804,11.0784313725,17.3529411765,23.6274509804,23.6274509804,24.4117647059,23.8235294118,
42,8.23529411765,8.23529411765,8.43137254902,8.43137254902,8.23529411765,8.23529411765,8.23529411765,8.23529411765,
43,11.5686274510,11.3725490196,11.5686274510,11.5686274510,11.3725490196,11.5686274510,11.3725490196,11.5686274510,
44,14.6078431373,24.8039215686,15.3921568627,15.3921568627,15.3921568627,15.3921568627,15.3921568627,18.5294117647,
45,8.72549019608,7.15686274510,8.72549019608,8.72549019608,9.11764705882,8.72549019608,8.72549019608,8.72549019608,
46,5.68627450980,4.50980392157,4.11764705882,16.6666666667,16.6666666667,4.11764705882,4.11764705882,4.11764705882,
47,15.8823529412,14.3137254902,15.8823529412,15.8823529412,16.6666666667,15.8823529412,22.9411764706,16.2745098039,
48,17.2549019608,17.3529411765,14.1176470588,12.9411764706,20.3921568627,14.3137254902,14.1176470588,12.5490196078,
49,3.72549019608,9.60784313725,22.2549019608,22.1568627451,22.1568627451,21.9607843137,10.3921568627,10.1960784314,
50,20.0980392157,22.8431372549,20.0980392157,13.8235294118,20.0980392157,20.0980392157,20.0980392157,1.27450980392,
51,7.94117647059,8.33333333333,11.0784313725,7.94117647059,11.2745098039,8.72549019608,20.3921568627,7.94117647059,
52,14.9019607843,21.1764705882,24.3137254902,21.1764705882,21.1764705882,8.62745098039,8.62745098039,21.1764705882,
53,11.0784313725,10.9803921569,24.7058823529,10.9803921569,10.9803921569,10.9803921569,7.84313725490,10.9803921569,
54,24.2156862745,24.2156862745,24.2156862745,24.0196078431,24.0196078431,24.2156862745,24.1176470588,24.1176470588,
55,15.0,2.45098039216,5.49019607843,2.45098039216,2.45098039216,3.03921568627,2.45098039216,20.4901960784,
56,20.8823529412,20.4901960784,20.8823529412,20.8823529412,20.4901960784,20.4901960784,14.2156862745,20.4901960784,
57,20.7843137255,9.01960784314,20.7843137255,21.6666666667,21.6666666667,21.5686274510,21.5686274510,21.5686274510,
58,6.96078431373,6.96078431373,6.76470588235,6.76470588235,6.96078431373,6.96078431373,6.96078431373,6.96078431373,
59,16.5686274510,22.8431372549,22.8431372549,16.5686274510,15.7843137255,16.5686274510,13.4313725490,16.4705882353,
60,14.0196078431,13.6274509804,13.4313725490,0.294117647059,13.5294117647,16.7647058824,13.6274509804,16.7647058824,
61,17.8431372549,18.6274509804,17.8431372549,17.8431372549,17.8431372549,17.8431372549,17.4509803922,17.8431372549,
62,23.1372549020,17.0588235294,16.8627450980,16.8627450980,18.4313725490,5.88235294118,16.8627450980,23.1372549020,
63,11.6666666667,8.13725490196,11.6666666667,10.0980392157,11.6666666667,24.2156862745,8.52941176471,11.6666666667,
64,22.9411764706,18.6274509804,22.9411764706,16.4705882353,15.9803921569,16.6666666667,4.11764705882,13.5294117647,
65,19.1176470588,22.2549019608,22.2549019608,22.2549019608,22.2549019608,23.8235294118,22.6470588235,22.2549019608,
66,5.0,1.86274509804,5.0,5.0,17.5490196078,3.43137254902,5.0,5.0,
67,20.6862745098,20.6862745098,19.1176470588,21.4705882353,20.6862745098,8.13725490196,20.5882352941,20.6862745098,
68,2.35294117647,2.54901960784,4.90196078431,15.0980392157,2.54901960784,1.76470588235,2.94117647059,2.54901960784,
69,19.4117647059,19.5098039216,19.5098039216,20.2941176471,12.8431372549,19.5098039216,19.1176470588,19.5098039216,
70,11.0784313725,11.0784313725,24.8039215686,11.0784313725,11.0784313725,11.0784313725,11.8627450980,11.0784313725,
71,8.13725490196,12.8431372549,6.56862745098,6.56862745098,6.37254901961,0.294117647059,9.70588235294,6.56862745098,
72,23.9215686275,20.7843137255,20.9803921569,23.9215686275,20.3921568627,20.8823529412,20.7843137255,21.5686274510,
73,22.0588235294,17.3529411765,23.6274509804,22.4509803922,16.5686274510,23.0392156863,19.7058823529,22.0588235294,
74,8.52941176471,11.6666666667,8.52941176471,8.52941176471,20.2941176471,8.52941176471,8.52941176471,2.05882352941,
75,12.1568627451,11.7647058824,8.23529411765,9.21568627451,12.1568627451,11.7647058824,12.1568627451,5.98039215686,
76,2.45098039216,2.05882352941,2.45098039216,1.66666666667,1.96078431373,1.66666666667,14.2156862745,1.66666666667,
77,23.5294117647,23.9215686275,10.9803921569,23.9215686275,21.9607843137,20.4901960784,23.5294117647,23.5294117647,
78,3.82352941176,3.82352941176,3.43137254902,3.72549019608,3.82352941176,3.82352941176,3.82352941176,4.50980392157,
79,5.78431372549,5.78431372549,5.78431372549,5.78431372549,12.0588235294,2.64705882353,5.68627450980,1.86274509804,
80,18.6274509804,18.6274509804,24.7058823529,18.4313725490,18.4313725490,14.5098039216,5.88235294118,18.4313725490,
81,12.1568627451,6.27450980392,10.0,12.1568627451,12.1568627451,11.7647058824,12.1568627451,12.1568627451,
82,3.52941176471,3.13725490196,3.92156862745,3.13725490196,4.80392156863,9.41176470588,3.13725490196,3.13725490196,
83,21.5686274510,21.5686274510,21.5686274510,21.5686274510,19.4117647059,15.2941176471,21.5686274510,21.5686274510,
84,3.33333333333,3.43137254902,3.33333333333,3.33333333333,3.33333333333,3.13725490196,3.33333333333,3.33333333333,
85,7.54901960784,23.2352941176,10.2941176471,22.8431372549,22.8431372549,22.8431372549,24.4117647059,22.7450980392,
86,17.2549019608,20.5882352941,24.3137254902,23.6274509804,10.9803921569,23.9215686275,23.5294117647,21.3725490196,
87,18.0392156863,15.2941176471,18.4313725490,17.2549019608,18.0392156863,16.4705882353,18.0392156863,16.4705882353,
88,13.2352941176,13.2352941176,16.3725490196,1.47058823529,19.4117647059,2.15686274510,19.5098039216,13.2352941176,
89,9.11764705882,9.31372549020,9.31372549020,9.31372549020,9.31372549020,9.21568627451,9.31372549020,7.74509803922,
90,8.52941176471,2.25490196078,8.43137254902,8.52941176471,8.92156862745,8.52941176471,9.31372549020,8.52941176471,
91,24.0196078431,22.3529411765,22.4509803922,22.0588235294,22.4509803922,24.0196078431,22.3529411765,19.5098039216,
92,20.3921568627,20.3921568627,20.3921568627,23.5294117647,20.5882352941,14.2156862745,20.3921568627,20.3921568627,
93,4.90196078431,5.29411764706,5.29411764706,5.29411764706,5.29411764706,5.29411764706,4.70588235294,5.29411764706,
94,5.19607843137,17.3529411765,24.0196078431,17.7450980392,17.7450980392,16.1764705882,17.3529411765,16.1764705882,
95,25.0,24.4117647059,24.6078431373,24.6078431373,24.4117647059,12.0588235294,24.6078431373,24.6078431373,
96,22.4509803922,22.4509803922,22.4509803922,22.4509803922,23.2352941176,22.3529411765,9.50980392157,16.1764705882,
97,22.7450980392,22.7450980392,22.7450980392,22.8431372549,22.8431372549,22.7450980392,13.7254901961,22.7450980392,
98,24.5098039216,11.9607843137,23.7254901961,24.5098039216,21.3725490196,24.5098039216,24.9019607843,11.7647058824,
99,19.9019607843,23.0392156863,10.4901960784,23.0392156863,23.0392156863,9.70588235294,23.0392156863,23.0392156863,
100,11.2745098039,10.4901960784,11.0784313725,11.2745098039,23.5294117647,11.2745098039,11.2745098039,8.92156862745,
101,9.31372549020,9.21568627451,8.43137254902,9.21568627451,9.21568627451,9.21568627451,8.52941176471,9.21568627451,
102,15.6862745098,15.6862745098,21.9607843137,9.80392156863,16.0784313725,15.6862745098,21.9607843137,15.8823529412,
103,1.17647058824,0.78431372549,1.17647058824,1.17647058824,1.17647058824,1.17647058824,4.50980392157,1.27450980392,
104,1.07843137255,1.07843137255,1.07843137255,1.07843137255,1.07843137255,1.07843137255,0.882352941176,1.47058823529,
105,2.54901960784,2.35294117647,2.54901960784,2.35294117647,2.35294117647,2.35294117647,2.45098039216,2.35294117647,
106,1.56862745098,4.70588235294,4.90196078431,4.70588235294,4.70588235294,4.70588235294,4.70588235294,4.70588235294,
107,24.6078431373,24.6078431373,18.7254901961,12.0588235294,24.5098039216,24.6078431373,24.6078431373,23.8235294118,
108,21.8627450980,21.8627450980,21.8627450980,21.8627450980,21.7647058824,21.8627450980,15.5882352941,21.0784313725,
109,20.4901960784,20.4901960784,20.4901960784,20.4901960784,20.4901960784,20.4901960784,20.4901960784,20.4901960784,
110,13.8235294118,13.8235294118,14.0196078431,16.9607843137,1.27450980392,13.0392156863,13.8235294118,20.0980392157,
111,15.5882352941,2.64705882353,3.03921568627,3.03921568627,21.8627450980,3.03921568627,2.84313725490,3.03921568627,
112,19.0196078431,22.3529411765,20.0,19.2156862745,20.7843137255,20.7843137255,6.27450980392,19.2156862745,
113,5.0,5.0,1.86274509804,5.19607843137,5.0,4.80392156863,8.52941176471,5.0,
114,5.68627450980,5.49019607843,5.68627450980,5.68627450980,5.68627450980,5.68627450980,4.11764705882,5.68627450980,
115,14.8039215686,14.7058823529,14.8039215686,21.0784313725,14.8039215686,13.2352941176,14.8039215686,14.8039215686,
116,10.0,10.0,10.0,10.0,10.0,10.0,10.0,10.0,
117,9.11764705882,21.0784313725,9.11764705882,20.0980392157,9.11764705882,8.33333333333,9.11764705882,8.72549019608,
118,7.94117647059,8.72549019608,9.11764705882,8.72549019608,8.72549019608,8.72549019608,8.72549019608,11.8627450980,
119,18.4313725490,18.6274509804,18.6274509804,18.6274509804,18.6274509804,24.9019607843,18.4313725490,18.6274509804,
120,20.2941176471,20.0980392157,20.2941176471,17.1568627451,14.0196078431,7.74509803922,19.5098039216,20.2941176471,
121,16.4705882353,16.5686274510,16.4705882353,16.4705882353,16.4705882353,24.3137254902,18.1372549020,16.4705882353,
122,22.2549019608,22.1568627451,22.2549019608,22.2549019608,22.6470588235,22.2549019608,15.9803921569,22.2549019608,
123,3.82352941176,3.82352941176,17.9411764706,5.39215686275,5.09803921569,3.82352941176,3.82352941176,3.82352941176,
124,3.13725490196,3.52941176471,3.62745098039,10.0,3.82352941176,3.52941176471,3.82352941176,3.52941176471,
125,3.23529411765,4.21568627451,3.13725490196,3.23529411765,3.23529411765,3.23529411765,9.50980392157,3.23529411765,
126,22.3529411765,9.41176470588,23.6274509804,9.90196078431,22.3529411765,22.3529411765,21.9607843137,22.3529411765,
127,11.0784313725,11.0784313725,4.80392156863,11.0784313725,11.2745098039,11.0784313725,11.0784313725,5.0,
128,23.0392156863,22.6470588235,23.0392156863,22.6470588235,22.2549019608,10.4901960784,23.0392156863,23.0392156863,
129,0.980392156863,0.78431372549,7.25490196078,0.980392156863,0.980392156863,0.980392156863,0.980392156863,2.54901960784,
130,0.588235294118,3.72549019608,0.196078431373,3.72549019608,3.72549019608,10.0,17.1568627451,4.50980392157,
131,1.66666666667,3.13725490196,0.0,0.0,0.0,12.9411764706,0.0,0.0980392156863,
132,23.2352941176,23.2352941176,23.2352941176,22.8431372549,22.4509803922,23.2352941176,10.6862745098,23.4313725490,
133,0.196078431373,4.70588235294,5.39215686275,5.0,4.90196078431,11.9607843137,4.90196078431,4.90196078431,
134,12.0588235294,18.3333333333,5.78431372549,18.7254901961,18.3333333333,5.78431372549,5.78431372549,5.78431372549,
135,14.0196078431,21.8627450980,14.0196078431,17.1568627451,14.0196078431,20.2941176471,14.0196078431,14.0196078431,
136,6.47058823529,6.56862745098,7.35294117647,7.35294117647,7.35294117647,0.882352941176,7.35294117647,8.92156862745,
137,16.0784313725,3.52941176471,16.0784313725,16.0784313725,18.6274509804,22.3529411765,16.0784313725,22.3529411765,
138,12.7450980392,12.7450980392,0.294117647059,12.7450980392,15.8823529412,12.7450980392,19.4117647059,0.686274509804,
139,23.5294117647,23.5294117647,23.5294117647,21.9607843137,24.3137254902,24.7058823529,20.3921568627,21.9607843137,
140,22.7450980392,22.1568627451,9.60784313725,9.60784313725,15.8823529412,22.1568627451,22.5490196078,23.7254901961,
141,21.0784313725,8.52941176471,2.25490196078,8.33333333333,8.52941176471,2.05882352941,8.52941176471,11.6666666667,
142,16.6666666667,16.6666666667,16.6666666667,18.7254901961,13.5294117647,22.9411764706,16.6666666667,13.5294117647,
143,18.4313725490,24.7058823529,18.0392156863,18.5294117647,18.4313725490,18.4313725490,17.6470588235,18.2352941176,
144,9.80392156863,23.9215686275,21.9607843137,23.1372549020,22.3529411765,22.3529411765,22.0588235294,22.3529411765,
145,4.70588235294,11.1764705882,10.9803921569,11.1764705882,11.3725490196,10.9803921569,10.9803921569,10.9803921569,
146,8.62745098039,20.3921568627,7.84313725490,7.94117647059,20.3921568627,7.84313725490,6.27450980392,7.84313725490,
147,21.9607843137,21.9607843137,23.5294117647,21.9607843137,23.1372549020,21.9607843137,21.9607843137,15.6862745098,
148,12.5490196078,12.6470588235,12.6470588235,12.8431372549,15.7843137255,12.6470588235,16.5686274510,12.6470588235,
149,7.25490196078,10.3921568627,7.25490196078,7.25490196078,8.92156862745,0.980392156863,7.64705882353,7.25490196078,
150,22.4509803922,22.4509803922,22.4509803922,22.4509803922,19.3137254902,16.1764705882,22.0588235294,22.2549019608,
151,21.4705882353,21.2745098039,21.4705882353,21.4705882353,7.35294117647,21.4705882353,24.6078431373,8.13725490196,
152,8.03921568627,6.56862745098,6.47058823529,7.25490196078,6.27450980392,3.13725490196,6.56862745098,19.1176470588,
153,0.392156862745,0.196078431373,0.392156862745,0.392156862745,1.96078431373,0.392156862745,0.392156862745,0.588235294118,
154,1.07843137255,4.21568627451,0.490196078431,1.07843137255,3.43137254902,1.07843137255,1.07843137255,2.64705882353,
155,15.0980392157,14.3137254902,14.3137254902,14.3137254902,14.3137254902,14.3137254902,14.3137254902,20.5882352941,
156,1.86274509804,1.86274509804,1.86274509804,2.15686274510,1.66666666667,1.86274509804,1.86274509804,1.86274509804,
157,18.8235294118,20.5882352941,20.7843137255,20.3921568627,20.3921568627,20.3921568627,20.3921568627,20.3921568627,
158,9.31372549020,21.4705882353,12.4509803922,9.31372549020,9.31372549020,9.31372549020,9.31372549020,9.31372549020,
159,20.8823529412,20.8823529412,20.4901960784,20.8823529412,20.8823529412,20.7843137255,20.8823529412,14.6078431373,
160,0.0980392156863,3.62745098039,3.82352941176,3.62745098039,3.62745098039,3.62745098039,3.62745098039,3.23529411765,
161,12.5490196078,12.5490196078,15.6862745098,15.6862745098,15.7843137255,15.6862745098,15.6862745098,15.6862745098,
162,6.56862745098,13.2352941176,0.686274509804,0.686274509804,0.490196078431,0.686274509804,3.82352941176,13.2352941176,
163,4.11764705882,10.7843137255,4.21568627451,4.11764705882,4.11764705882,4.11764705882,4.11764705882,3.33333333333,
164,10.7843137255,12.4509803922,7.74509803922,12.3529411765,10.8823529412,16.9607843137,10.8823529412,10.8823529412,
165,7.84313725490,7.84313725490,7.94117647059,6.27450980392,6.27450980392,6.27450980392,7.84313725490,7.84313725490,
166,10.0980392157,22.6470588235,16.3725490196,22.6470588235,22.6470588235,10.0980392157,22.2549019608,22.6470588235,
167,11.2745098039,2.64705882353,8.92156862745,8.13725490196,8.92156862745,8.92156862745,8.92156862745,7.64705882353,
168,2.45098039216,7.94117647059,11.0784313725,0.0980392156863,1.66666666667,2.45098039216,1.66666666667,1.66666666667,
169,10.4901960784,8.92156862745,1.07843137255,1.07843137255,1.07843137255,2.64705882353,1.07843137255,7.35294117647,
170,10.2941176471,5.49019607843,5.58823529412,5.58823529412,1.66666666667,11.8627450980,18.1372549020,18.5294117647,
171,10.3921568627,7.25490196078,11.7647058824,10.3921568627,10.3921568627,10.3921568627,10.3921568627,10.1960784314,
172,8.23529411765,8.33333333333,8.23529411765,9.11764705882,8.23529411765,8.23529411765,8.23529411765,8.23529411765,
173,23.6274509804,17.3529411765,17.3529411765,17.3529411765,17.3529411765,14.2156862745,17.3529411765,20.4901960784,
174,21.9607843137,23.5294117647,23.5294117647,23.5294117647,23.5294117647,23.5294117647,23.5294117647,4.70588235294,
175,12.3529411765,12.0588235294,11.8627450980,12.0588235294,5.68627450980,12.0588235294,24.4117647059,11.2745098039,
176,12.7450980392,12.7450980392,12.7450980392,12.7450980392,13.5294117647,12.7450980392,12.7450980392,12.7450980392,
177,3.33333333333,3.13725490196,4.70588235294,9.60784313725,9.60784313725,4.90196078431,4.90196078431,3.33333333333,
178,19.5098039216,19.5098039216,19.1176470588,13.1372549020,19.5098039216,19.5098039216,19.4117647059,19.5098039216,
179,15.5882352941,21.0784313725,11.6666666667,8.52941176471,21.0784313725,21.0784313725,21.0784313725,21.0784313725,
180,14.7058823529,18.6274509804,17.8431372549,17.8431372549,15.2941176471,4.90196078431,24.1176470588,17.8431372549,
181,2.15686274510,2.15686274510,2.94117647059,14.7058823529,2.15686274510,2.15686274510,2.15686274510,14.8039215686,
182,13.4313725490,13.3333333333,13.3333333333,14.9019607843,13.4313725490,13.5294117647,13.3333333333,0.78431372549,
183,23.3333333333,23.3333333333,23.3333333333,23.3333333333,10.7843137255,24.9019607843,10.7843137255,23.1372549020,
184,17.0588235294,17.0588235294,17.0588235294,17.0588235294,16.6666666667,17.0588235294,23.1372549020,13.9215686275,
185,11.1764705882,9.60784313725,11.1764705882,23.7254901961,11.1764705882,11.1764705882,11.1764705882,11.1764705882,
186,17.5490196078,17.3529411765,17.5490196078,17.5490196078,17.3529411765,17.5490196078,17.5490196078,17.5490196078,
187,21.9607843137,12.6470588235,15.8823529412,21.9607843137,18.8235294118,18.8235294118,18.8235294118,22.0588235294,
188,10.9803921569,10.0,9.80392156863,9.80392156863,22.4509803922,9.80392156863,5.09803921569,9.80392156863,
189,6.96078431373,6.96078431373,9.31372549020,7.74509803922,7.74509803922,7.74509803922,7.35294117647,7.64705882353,
190,10.3921568627,10.3921568627,10.3921568627,22.9411764706,10.3921568627,11.9607843137,9.60784313725,10.7843137255,
191,20.3921568627,9.70588235294,13.3333333333,4.31372549020,0.294117647059,12.3529411765,22.2549019608,24.3137254902,
192,6.56862745098,0.294117647059,1.27450980392,24.9019607843,4.11764705882,9.21568627451,4.31372549020,14.1176470588,
193,15.8823529412,23.7254901961,24.5098039216,5.78431372549,20.4901960784,20.0980392157,1.47058823529,16.1764705882,
194,8.52941176471,11.3725490196,24.4117647059,8.33333333333,14.9019607843,4.60784313725,16.6666666667,5.88235294118,
195,22.4509803922,3.03921568627,2.54901960784,20.0980392157,14.9019607843,14.9019607843,5.78431372549,24.9019607843,
196,0.686274509804,10.0980392157,10.1960784314,12.5490196078,0.490196078431,9.01960784314,12.2549019608,21.8627450980,
197,22.0588235294,12.9411764706,7.25490196078,6.17647058824,9.70588235294,1.47058823529,7.15686274510,7.05882352941,
198,11.2745098039,15.4901960784,9.01960784314,22.4509803922,6.86274509804,1.07843137255,5.88235294118,13.9215686275,
199,11.0784313725,20.0,13.7254901961,22.8431372549,13.7254901961,6.56862745098,12.9411764706,3.72549019608,

Population fitness value 
0,0
1,0
2,0
3,0
4,0
5,0
6,0
7,0
8,0
9,0
10,0
11,0
12,0
13,0
14,0
15,0
16,0
17,0
18,0
19,0
20,0
21,0
22,0
23,0
24,0
25,0
26,0
27,0
28,0
29,0
30,0
31,0
32,0
33,0
34,0
35,0
36,0
37,0
38,0
39,0
40,0
41,0
42,0
43,0
44,0
45,0
46,0
47,0
48,0
49,0
50,0
51,0
52,0
53,0
54,0
55,0
56,0
57,0
58,0
59,0
60,0
61,0
62,0
63,0
64,0
65,0
66,0
67,0
68,0
69,0
70,0
71,0
72,0
73,0
74,0
75,0
76,0
77,0
78,0
79,0
80,0
81,0
82,0
83,0
84,0
85,0
86,0
87,0
88,0
89,0
90,0
91,0
92,0
93,0
94,0
95,0
96,0
97,0
98,0
99,0
100,0
101,0
102,0
103,0
104,0
105,0
106,0
107,0
108,0
109,0
110,0
111,0
112,0
113,0
114,0
115,0
116,0
117,0
118,0
119,0
120,0
121,0
122,0
123,0
124,0
125,0
126,0
127,0
128,0
129,0
130,0
131,0
132,0
133,0
134,0
135,0
136,0
137,0
138,0
139,0
140,0
141,0
142,0
143,0
144,0
145,0
146,0
147,0
148,0
149,0
150,0
151,0
152,0
153,0
154,0
155,0
156,0
157,0
158,0
159,0
160,0
161,0
162,0
163,0
164,0
165,0
166,0
167,0
168,0
169,0
170,0
171,0
172,0
173,0
174,0
175,0
176,0
177,0
178,0
179,0
180,0
181,0
182,0
183,0
184,0
185,0
186,0
187,0
188,0
189,0
190,0
191,0
192,0
193,0
194,0
195,0
196,0
197,0
198,0
199,0


